,country,year,c_dollar2_poverty,c_forest_area,c_health_expenditure,c_out_of_pocket,c_physician,c_tuberculosis,c_urban_pop
528,Afghanistan,2002,22.261,17.01,1.85278199408184,0.15160967,14.52,14.52,189.0
791,Afghanistan,2003,22.353,17.81,1.85278199408184,1.29700564,15.33,15.33,189.0
1054,Afghanistan,2004,22.5,21.43,1.85278199408184,1.18617905,18.11,18.11,189.0
1317,Afghanistan,2005,22.703,25.11,1.85278199408184,1.33553256,19.83,19.83,189.0
1580,Afghanistan,2006,22.907,28.92,1.85278199408184,1.35533866,22.22,22.22,189.0
1843,Afghanistan,2007,23.113,32.72,1.85278199408184,1.84962338,25.58,25.58,189.0
2106,Afghanistan,2008,23.32,39.97,1.85278199408184,2.44655618,30.14,30.14,189.0
2369,Afghanistan,2009,23.528,43.26,1.85278199408184,2.34359473,31.48,31.48,189.0
2632,Afghanistan,2010,23.737,46.58,1.85278199408184,2.55007354,36.8,36.8,189.0
2895,Afghanistan,2011,23.948,52.36,1.85278199408184,2.93559049,38.36,38.36,189.0
3158,Afghanistan,2012,24.16,52.61,1.85278199408184,2.28442458,39.19,39.19,189.0
3421,Afghanistan,2013,24.373,56.31,1.85278199408184,2.83484999,40.57,40.57,189.0
3684,Afghanistan,2014,24.587,60.19,1.85278199408184,2.98555852,43.97,43.97,189.0
3947,Afghanistan,2015,24.803,60.06,1.85278199408184,3.10637149,47.08,47.08,189.0
4210,Afghanistan,2016,25.02,61.49,1.85278199408184,3.12218743,46.71,46.71,189.0
4473,Afghanistan,2017,25.25,66.91,1.85278199408184,3.40957279,50.5,50.51,189.0
4736,Afghanistan,2018,25.495,71.33,1.85278199408184,2.77333833,54.37,54.48,189.0
4999,Afghanistan,2019,25.754,74.23,1.85278199408184,2.48787785,57.03,57.03,189.0
