,country,year,c_dollar2_poverty,c_forest_area,c_health_expenditure,c_out_of_pocket,c_physician,c_tuberculosis,c_urban_pop
5,Albania,2000,41.741,65.15,28.0766423357664,30.31434776,33.76,33.76,22.0
268,Albania,2001,42.435,73.79,28.1232481751825,34.28399097,36.25,36.25,20.0
531,Albania,2002,43.501,78.99,28.1698540145985,36.09972532,40.17,40.17,22.0
794,Albania,2003,44.573,111.46,28.2164598540146,48.01524716,53.06,53.06,20.0
1057,Albania,2004,45.651,141.91,28.2630656934307,66.10404517,66.77,66.77,20.0
1320,Albania,2005,46.731,154.88,28.3096715328467,70.76800275,75.02,75.03,19.0
1583,Albania,2006,47.815,168.42,28.3562773722628,75.80714508,81.82,81.82,18.0
1846,Albania,2007,48.902,204.8,28.4028832116788,87.3863543,105.03,105.04,17.0
2109,Albania,2008,49.991,240.44,28.4494890510949,99.11933801,135.19,135.2,16.0
2372,Albania,2009,51.076,235.4,28.4960948905109,96.09203715,135.37,135.39,17.0
2635,Albania,2010,52.163,255.41,28.542700729927,97.38150558,153.11,153.15,17.0
2898,Albania,2011,53.247,271.96,28.5946532846715,105.12741393,164.43,164.47,17.0
3161,Albania,2012,54.33,259.53,28.6466058394161,104.58325163,152.68,152.72,16.0
3424,Albania,2013,55.387,277.58,28.6985583941606,114.07607014,160.51,160.54,19.0
3687,Albania,2014,56.423,295.45,28.7505109489051,118.95859657,174.66,174.67,16.0
3950,Albania,2015,57.434,256.13,28.8024635036496,107.89847422,146.42,146.43,17.0
4213,Albania,2016,58.421,274.44,28.8021897810219,115.4272957,156.58,156.59,17.0
4476,Albania,2017,59.383,296.0,28.7920620437956,120.96013105,170.09,170.37,20.0
4739,Albania,2018,60.319,350.83,28.7919708029197,148.73204785,198.19,198.39,18.0
