,country,year,c_dollar2_poverty,c_forest_area,c_health_expenditure,c_out_of_pocket,c_physician,c_tuberculosis,c_urban_pop
6,Andorra,2000,92.395,,34.0425531914894,843.29629407,198.15,443.56,21.0
269,Andorra,2001,92.056,,34.0425531914894,870.83270694,207.83,465.23,17.0
532,Andorra,2002,91.641,,34.0425531914894,985.48795914,223.59,500.52,8.1
795,Andorra,2003,91.207,,34.0425531914894,1135.53915058,284.55,636.97,17.0
1058,Andorra,2004,90.751,,34.0425531914894,1235.56181218,336.95,754.27,10.0
1321,Andorra,2005,90.285,,34.0425531914894,1423.15242563,353.46,791.24,14.0
1584,Andorra,2006,89.807,,34.0425531914894,1282.48086667,382.63,856.52,17.0
1847,Andorra,2007,89.308,,34.0425531914894,1486.33859998,447.96,,7.4
2110,Andorra,2008,89.004,,34.0425531914894,1983.78973876,474.52,,6.0
2373,Andorra,2009,88.912,,34.0425531914894,2050.34165019,435.4,974.65,12.0
2636,Andorra,2010,88.819,,34.0425531914894,2833.31038869,430.34,963.33,11.0
2899,Andorra,2011,88.726,,34.0425531914894,2923.38323132,461.74,,4.9
3162,Andorra,2012,88.631,,34.0425531914894,2109.69798914,410.9,919.81,15.0
3425,Andorra,2013,88.537,,34.0425531914894,2148.82383185,405.58,907.9,8.1
3688,Andorra,2014,88.441,,34.0425531914894,2219.20375131,394.57,894.72,9.6
3951,Andorra,2015,88.345,,34.0425531914894,1975.57665032,352.45,754.37,6.4
4214,Andorra,2016,88.248,,34.0425531914894,2023.50867709,346.15,773.11,6.3
4477,Andorra,2017,88.15,,34.0425531914894,2103.71782873,347.3,806.3,1.6
4740,Andorra,2018,88.062,,34.0425531914894,2262.30161877,390.43,925.7,3.1
5003,Andorra,2019,87.984,,34.0425531914894,2193.69668623,385.66,868.09,7.5
