,country,year,c_dollar2_poverty,c_forest_area,c_health_expenditure,c_out_of_pocket,c_physician,c_tuberculosis,c_urban_pop
12,Antigua and Barbuda,2000,32.127,519.13,21.4772727272727,300.2972402,115.37,217.02,6.1
275,Antigua and Barbuda,2001,31.74,571.11,21.325,337.40475584,129.91,233.29,1.5
538,Antigua and Barbuda,2002,31.098,557.9,21.1727272727273,326.02687552,126.87,231.11,6.0
801,Antigua and Barbuda,2003,30.464,612.15,21.0204545454545,366.7329766,142.13,245.42,1.5
1064,Antigua and Barbuda,2004,29.837,596.07,20.8681818181818,345.91952067,144.91,249.9,5.5
1327,Antigua and Barbuda,2005,29.218,639.24,20.7159090909091,355.56208704,173.07,282.69,8.6
1590,Antigua and Barbuda,2006,28.606,662.72,20.5636363636364,350.94037122,200.91,310.85,5.7
1853,Antigua and Barbuda,2007,28.002,711.56,20.4113636363636,365.26142005,231.45,345.29,2.8
2116,Antigua and Barbuda,2008,27.405,691.21,20.2590909090909,350.88516232,220.56,339.03,1.4
2379,Antigua and Barbuda,2009,26.818,606.9,20.1068181818182,333.15748216,153.41,273.58,4.1
2642,Antigua and Barbuda,2010,26.238,720.92,19.9545454545455,420.41751829,177.95,299.59,9.4
2905,Antigua and Barbuda,2011,25.703,714.0,19.8045454545455,406.60982793,184.02,307.01,8.0
3168,Antigua and Barbuda,2012,25.526,749.94,19.6545454545455,422.18284491,201.7,327.76,3.9
3431,Antigua and Barbuda,2013,25.35,735.49,19.5045454545455,412.47860961,196.84,321.28,13.0
3694,Antigua and Barbuda,2014,25.175,822.39,19.3545454545455,486.52550602,208.42,335.87,3.9
3957,Antigua and Barbuda,2015,25.0,784.65,19.2045454545455,469.12111023,184.63,315.52,4.5
4220,Antigua and Barbuda,2016,24.846,812.51,19.0454545454545,453.78668177,223.6,358.61,3.8
4483,Antigua and Barbuda,2017,24.713,785.47,18.9090909090909,441.13693566,208.69,344.15,1.3
4746,Antigua and Barbuda,2018,24.599,849.83,18.75,510.53232213,201.07,338.48,6.3
5009,Antigua and Barbuda,2019,24.506,801.54,18.5909090909091,468.42029704,194.5,332.75,0.0
