,country,year,c_dollar2_poverty,c_forest_area,c_health_expenditure,c_out_of_pocket,c_physician,c_tuberculosis,c_urban_pop
9,Argentina,2000,89.142,704.95,12.1964855354461,385.8288802,205.17,318.9,37.0
272,Argentina,2001,89.329,671.37,12.0808714176615,368.25933092,197.88,301.76,35.0
535,Argentina,2002,89.51,222.65,11.9652572998769,121.46786443,66.78,96.8,35.0
798,Argentina,2003,89.686,260.98,11.8496431820922,142.78991158,73.73,117.3,33.0
1061,Argentina,2004,89.86,310.22,11.7340290643076,160.69074498,85.71,130.02,34.0
1324,Argentina,2005,90.031,390.8,11.618414946523,200.94817796,129.23,185.23,31.0
1587,Argentina,2006,90.2,453.64,11.5028008287384,238.62477629,147.03,213.53,28.0
1850,Argentina,2007,90.366,569.29,11.3871867109537,309.17850834,178.11,258.8,30.0
2113,Argentina,2008,90.53,742.9,11.2715725931691,409.32963561,224.82,326.7,26.0
2376,Argentina,2009,90.691,781.78,11.1559584753845,468.75522245,204.72,310.77,22.0
2639,Argentina,2010,90.849,980.14,11.0403443575999,577.81536102,262.48,399.22,21.0
2902,Argentina,2011,90.99,,10.9587128976976,725.40137579,323.41,470.18,27.0
3165,Argentina,2012,91.121,,10.8770814377953,850.24868392,355.31,504.65,24.0
3428,Argentina,2013,91.249,,10.795449977893,900.03306052,379.52,508.87,24.0
3691,Argentina,2014,91.377,,10.7138185179907,837.82365774,346.31,436.02,25.0
3954,Argentina,2015,91.503,,10.6321870580884,1017.41998184,395.48,503.3,26.0
4217,Argentina,2016,91.627,,10.6003968297469,713.85226553,339.84,431.91,27.0
4480,Argentina,2017,91.749,,10.5598368832422,964.15175706,394.23,554.82,27.0
4743,Argentina,2018,91.87,,10.5203731515078,704.5696963,312.4,414.5,27.0
5006,Argentina,2019,91.991,958.52,10.4801786099266,613.20507784,256.98,343.0,29.0
