,country,year,c_dollar2_poverty,c_forest_area,c_health_expenditure,c_out_of_pocket,c_physician,c_tuberculosis,c_urban_pop
10,Armenia,2000,64.666,25.31,11.6838777660695,5.75957823,15.7,16.32,54.0
273,Armenia,2001,64.385,31.41,11.6765718299965,9.05392927,15.98,16.7,57.0
536,Armenia,2002,64.236,58.27,11.6692658939234,8.96823457,43.84,44.68,59.0
799,Armenia,2003,64.137,65.35,11.6619599578504,10.98005261,49.94,50.95,64.0
1062,Armenia,2004,64.038,70.64,11.6546540217773,15.0976127,50.57,51.69,69.0
1325,Armenia,2005,63.938,94.27,11.6473480857042,23.77526832,59.33,59.49,92.0
1588,Armenia,2006,63.839,123.41,11.6400421496312,33.46568143,75.49,75.66,75.0
1851,Armenia,2007,63.739,168.48,11.6327362135581,49.45413952,98.1,98.44,72.0
2114,Armenia,2008,63.64,259.55,11.6254302774851,58.17040087,185.41,186.09,71.0
2377,Armenia,2009,63.54,246.34,11.618124341412,52.85364287,181.38,182.18,68.0
2640,Armenia,2010,63.44,290.27,11.610818405339,53.0005398,225.32,226.45,61.0
2903,Armenia,2011,63.34,324.66,11.6035124692659,57.9260532,254.6,256.51,55.0
3166,Armenia,2012,63.24,332.84,11.5962065331928,57.50402019,261.57,265.48,53.0
3429,Armenia,2013,63.164,395.71,11.5889005971198,52.73113333,327.95,334.78,60.0
3692,Armenia,2014,63.112,408.88,11.5815946610467,60.4785991,337.25,342.15,57.0
3955,Armenia,2015,63.085,370.93,11.5742887249737,59.03253073,302.79,307.88,50.0
4218,Armenia,2016,63.082,366.23,11.5669125395153,60.25345388,295.35,299.12,44.0
4481,Armenia,2017,63.103,418.86,11.5595363540569,55.47662098,353.3,357.99,36.0
4744,Armenia,2018,63.149,439.43,11.5521601685985,54.22624322,370.34,379.86,31.0
5007,Armenia,2019,63.219,549.47,11.5447839831401,68.1627476,465.92,475.84,26.0
