,country,year,c_dollar2_poverty,c_forest_area,c_health_expenditure,c_out_of_pocket,c_physician,c_tuberculosis,c_urban_pop
13,Australia,2000,84.235,,17.1581557606446,1175.62196475,343.62,460.91,6.3
276,Australia,2001,84.1,,17.1286333519909,1109.16520957,318.81,450.66,5.9
539,Australia,2002,84.222,,17.0991109433373,1268.76200856,351.33,494.93,6.0
802,Australia,2003,84.343,,17.0695885346836,1598.57642986,429.05,642.17,5.5
1065,Australia,2004,84.463,,17.04006612603,1979.1596839,530.6,781.67,6.2
1328,Australia,2005,84.582,,17.0105437173763,2165.25711716,592.06,848.85,6.0
1591,Australia,2006,84.7,,16.9810213087226,2289.04418252,630.8,904.99,6.5
1854,Australia,2007,84.822,,16.951498900069,2781.61678761,725.01,,6.2
2117,Australia,2008,84.943,,16.9219764914153,2970.59914895,782.04,,6.6
2380,Australia,2009,85.063,,16.8924540827617,2929.13379806,764.39,,6.9
2643,Australia,2010,85.182,,16.862931674108,3600.11535529,982.62,,6.6
2906,Australia,2011,85.3,,16.9553102586465,4329.06046847,,,6.4
3169,Australia,2012,85.402,,17.047688843185,4325.11949257,,,6.6
3432,Australia,2013,85.502,,17.1400674277235,3957.46452674,,,6.2
3695,Australia,2014,85.602,,17.232446012262,4307.17378934,,,6.5
3958,Australia,2015,85.701,,17.3248245968004,3782.21746471,915.67,,6.1
4221,Australia,2016,85.8,,17.4254877132405,3878.03205092,924.28,,6.5
4484,Australia,2017,85.904,,17.4229136169693,4145.22788103,965.31,,6.7
4747,Australia,2018,86.012,,17.4213145571644,4193.43605417,951.34,,6.6
5010,Australia,2019,86.124,,17.4213145571644,4099.964116,816.22,,6.8
