,country,year,c_dollar2_poverty,c_forest_area,c_health_expenditure,c_out_of_pocket,c_physician,c_tuberculosis,c_urban_pop
23,"Bahamas, The",2000,82.007,945.44,50.9350649350649,374.19249675,257.42,565.09,29.0
286,"Bahamas, The",2001,82.049,990.31,50.9350649350649,395.22054183,279.58,589.02,22.0
549,"Bahamas, The",2002,82.092,,50.9350649350649,401.35308528,292.03,606.39,15.0
812,"Bahamas, The",2003,82.134,,50.9350649350649,426.73251944,301.72,620.78,13.0
1075,"Bahamas, The",2004,82.176,,50.9350649350649,425.36260095,316.11,636.72,18.0
1338,"Bahamas, The",2005,82.218,,50.9350649350649,448.99368228,346.24,685.51,16.0
1601,"Bahamas, The",2006,82.26,,50.9350649350649,477.77738204,364.76,756.06,20.0
1864,"Bahamas, The",2007,82.302,,50.9350649350649,534.43882992,383.48,791.68,15.0
2127,"Bahamas, The",2008,82.343,,50.9350649350649,604.79748186,392.31,797.5,16.0
2390,"Bahamas, The",2009,82.385,,50.9350649350649,636.59026864,377.31,752.26,14.0
2653,"Bahamas, The",2010,82.427,,50.9350649350649,640.82675791,392.34,772.76,9.6
2916,"Bahamas, The",2011,82.476,,50.9350649350649,632.78336933,396.68,777.68,12.0
3179,"Bahamas, The",2012,82.532,,50.9350649350649,649.17876363,429.02,834.72,9.6
3442,"Bahamas, The",2013,82.596,,50.9350649350649,699.1584821,427.98,824.71,9.8
3705,"Bahamas, The",2014,82.668,,50.9350649350649,715.15444308,450.61,866.92,15.0
3968,"Bahamas, The",2015,82.746,,50.9350649350649,691.3762316,473.74,858.26,18.0
4231,"Bahamas, The",2016,82.832,,50.9350649350649,823.84437536,474.75,860.09,26.0
4494,"Bahamas, The",2017,82.925,,50.9350649350649,1145.0864893,504.49,913.96,15.0
4757,"Bahamas, The",2018,83.025,,50.9350649350649,959.63028391,525.21,951.51,13.0
5020,"Bahamas, The",2019,83.132,,50.9350649350649,1002.2763905,506.29,910.13,14.0
