,country,year,c_dollar2_poverty,c_forest_area,c_health_expenditure,c_out_of_pocket,c_physician,c_tuberculosis,c_urban_pop
20,Bangladesh,2000,23.59,8.62,14.7524629330875,2.42757424,5.33,5.52,221.0
283,Bangladesh,2001,24.096,8.42,14.7278904509488,1.82363706,5.54,5.77,221.0
546,Bangladesh,2002,24.756,9.38,14.70331796881,2.27942359,5.9,6.16,221.0
809,Bangladesh,2003,25.429,10.31,14.6787454866713,2.5377712,6.5,6.78,221.0
1072,Bangladesh,2004,26.114,11.11,14.6541730045325,2.67336969,7.01,7.32,221.0
1335,Bangladesh,2005,26.809,11.62,14.6296005223938,2.54206863,7.6,7.98,221.0
1598,Bangladesh,2006,27.517,12.38,14.6050280402551,2.81392511,8.13,8.56,221.0
1861,Bangladesh,2007,28.237,14.41,14.5804555581163,3.24137164,9.57,10.01,221.0
2124,Bangladesh,2008,28.968,16.0,14.5558830759776,3.3461322,10.85,11.31,221.0
2387,Bangladesh,2009,29.709,18.21,14.5313098256127,3.62930659,12.37,12.87,221.0
2650,Bangladesh,2010,30.462,21.15,14.5067373434739,4.35039989,14.37,14.9,221.0
2913,Bangladesh,2011,31.225,23.29,14.4991441960513,4.75053385,15.88,16.53,221.0
3176,Bangladesh,2012,31.993,23.9,14.4915510486287,4.76846127,16.32,16.95,221.0
3439,Bangladesh,2013,32.762,27.41,14.4839579012061,5.22015237,19.08,19.72,221.0
3702,Bangladesh,2014,33.535,30.3,14.4763647537835,5.61003404,21.44,22.16,221.0
3965,Bangladesh,2015,34.308,33.54,14.4687716063609,5.73340587,24.37,25.19,221.0
4228,Bangladesh,2016,35.083,39.56,14.4687716063609,7.87356598,28.28,29.25,221.0
4491,Bangladesh,2017,35.858,42.28,14.4687716063609,8.9745517,29.63,30.74,221.0
4754,Bangladesh,2018,36.632,44.74,14.4687716063609,9.3824752,31.63,32.75,221.0
5017,Bangladesh,2019,37.405,47.67,14.4687716063609,9.43376367,34.34,35.58,221.0
