,country,year,c_dollar2_poverty,c_forest_area,c_health_expenditure,c_out_of_pocket,c_physician,c_tuberculosis,c_urban_pop
30,Barbados,2000,33.827,616.38,14.6511627906977,319.61320519,242.7,296.76,1.3
293,Barbados,2001,33.629,635.96,14.6511627906977,338.89731278,242.04,297.07,2.6
556,Barbados,2002,33.431,683.34,14.6511627906977,365.6951204,249.57,303.45,2.2
819,Barbados,2003,33.234,801.93,14.6511627906977,450.99370031,288.14,336.25,3.8
1082,Barbados,2004,33.037,938.41,14.6511627906977,557.23905719,315.21,369.75,8.1
1345,Barbados,2005,32.841,959.41,14.6511627906977,548.76615904,336.5,399.3,4.1
1608,Barbados,2006,32.646,,14.6511627906977,577.68718741,363.27,433.36,2.1
1871,Barbados,2007,32.451,,14.6511627906977,567.86832091,384.17,454.4,6.8
2134,Barbados,2008,32.256,,14.6511627906977,628.85575939,403.03,472.63,1.3
2397,Barbados,2009,32.063,,14.6511627906977,636.55199486,423.39,489.16,0.84
2660,Barbados,2010,31.87,,14.6511627906977,597.06476006,425.37,494.34,2.5
2923,Barbados,2011,31.7,,14.6511627906977,565.66604353,492.1,565.69,0.0
3186,Barbados,2012,31.553,,14.6511627906977,718.36276577,501.22,575.08,1.7
3449,Barbados,2013,31.429,,14.6511627906977,643.02037274,518.97,600.55,1.7
3712,Barbados,2014,31.328,,14.6511627906977,556.05721568,518.71,601.79,2.1
3975,Barbados,2015,31.249,,14.6511627906977,542.62764374,505.46,586.34,0.0
4238,Barbados,2016,31.193,,14.6511627906977,546.14519167,510.4,592.11,1.2
4501,Barbados,2017,31.159,,14.6511627906977,535.50880211,534.78,621.51,0.0
4764,Barbados,2018,31.147,,14.6511627906977,534.39199325,555.21,644.92,0.41
5027,Barbados,2019,31.158,,14.6511627906977,525.12407787,547.28,635.72,0.0
