,country,year,c_dollar2_poverty,c_forest_area,c_health_expenditure,c_out_of_pocket,c_physician,c_tuberculosis,c_urban_pop
17,Belgium,2000,97.129,,22.0376486129458,1378.75934711,374.19,471.16,14.0
280,Belgium,2001,97.186,,22.1121862615588,1416.19480533,368.25,463.74,15.0
543,Belgium,2002,97.241,,22.1867239101717,1536.92387855,435.1,547.8,13.0
806,Belgium,2003,97.296,,22.2612615587847,2086.30324354,584.03,728.58,12.0
1069,Belgium,2004,97.35,,22.3357992073976,2484.45629546,660.64,828.29,12.0
1332,Belgium,2005,97.403,,22.4103368560106,2547.64679592,681.45,858.24,12.0
1595,Belgium,2006,97.454,,22.4848745046235,2644.76558652,716.51,901.16,11.0
1858,Belgium,2007,97.505,,22.5594121532365,3015.4709359,835.91,,10.0
2121,Belgium,2008,97.555,,22.6339498018494,3524.99275466,926.29,,10.0
2384,Belgium,2009,97.603,,22.7084874504624,3539.14990327,912.48,,9.8
2647,Belgium,2010,97.651,,22.7830250990753,3454.78793891,893.69,,11.0
2910,Belgium,2011,97.698,,22.7792602377807,3755.8665851,966.35,,10.0
3173,Belgium,2012,97.744,,22.7754953764861,3597.02381488,905.37,,9.5
3436,Belgium,2013,97.789,,22.7717305151915,3765.05352755,965.32,,9.4
3699,Belgium,2014,97.833,,22.767965653897,3867.07962578,976.4,,9.1
3962,Belgium,2015,97.876,,22.7642007926024,3399.29558782,829.46,,9.5
4225,Belgium,2016,97.919,,22.7642007926024,3494.15363934,819.7,,10.0
4488,Belgium,2017,97.961,,22.7642007926024,3676.28904044,852.75,,9.3
4751,Belgium,2018,98.001,,22.7642007926024,3972.55603651,916.24,,9.2
5014,Belgium,2019,98.041,,22.7642007926024,3787.38263681,945.77,,8.9
