,country,year,c_dollar2_poverty,c_forest_area,c_health_expenditure,c_out_of_pocket,c_physician,c_tuberculosis,c_urban_pop
32,Bhutan,2000,25.418,31.09,65.4773869346734,24.77153434,3.59,3.8,243.0
295,Bhutan,2001,26.48,35.97,65.7268592964824,25.42995657,2.85,3.77,215.0
558,Bhutan,2002,27.57,35.96,65.9763316582915,26.03863201,3.71,6.72,220.0
821,Bhutan,2003,28.688,37.33,66.2258040201005,25.82155755,7.1,7.23,202.0
1084,Bhutan,2004,29.835,46.1,69.4103943122491,30.45042265,7.49,7.64,190.0
1347,Bhutan,2005,30.965,46.69,69.6708817587953,29.83987498,7.84,7.97,190.0
1610,Bhutan,2006,31.712,54.01,69.9313692053415,30.18605829,7.99,8.1,170.0
1873,Bhutan,2007,32.469,64.44,70.1918566518876,41.59892721,9.24,9.36,183.0
2136,Bhutan,2008,33.236,57.31,70.4523440984338,39.61668994,8.87,9.1,174.0
2399,Bhutan,2009,34.01,59.43,70.7128315449799,43.88967994,9.85,10.13,202.0
2662,Bhutan,2010,34.793,71.99,70.9733189915261,51.86983977,11.87,12.19,232.0
2925,Bhutan,2011,35.585,77.32,71.025211847732,56.7696977,12.64,13.01,216.0
3188,Bhutan,2012,36.371,83.64,71.0771047039379,58.19592613,17.15,18.16,196.0
3451,Bhutan,2013,37.149,85.99,71.1289975601438,59.23053129,17.47,18.42,185.0
3714,Bhutan,2014,37.918,86.81,71.1808904163497,59.90790302,18.38,19.39,181.0
3977,Bhutan,2015,38.678,96.52,71.2327832725556,71.66804989,19.11,19.95,162.0
4240,Bhutan,2016,39.428,97.18,71.2342701342282,71.86982647,19.56,20.69,190.0
4503,Bhutan,2017,40.167,103.39,71.2861786912752,77.04527904,13.76,14.8,143.0
4766,Bhutan,2018,40.895,101.7,71.3455689564761,80.90132048,13.39,14.64,147.0
5029,Bhutan,2019,41.612,115.32,71.3974829575249,84.83902644,20.52,22.45,164.0
