,country,year,c_dollar2_poverty,c_forest_area,c_health_expenditure,c_out_of_pocket,c_physician,c_tuberculosis,c_urban_pop
33,Botswana,2000,53.219,195.3,31.0918779665802,107.07021093,21.45,55.94,914.0
296,Botswana,2001,54.062,191.82,30.8831365906163,108.63163043,18.65,55.52,888.0
559,Botswana,2002,54.57,194.56,30.6743952146525,113.10735551,17.52,54.83,855.0
822,Botswana,2003,55.029,253.96,30.4656538386886,147.20701541,22.97,73.5,816.0
1085,Botswana,2004,55.488,279.18,30.2569124627248,162.91485274,24.8,83.58,773.0
1348,Botswana,2005,55.944,263.34,30.0481710867609,148.88945117,23.25,82.97,728.0
1611,Botswana,2006,56.4,250.92,29.839429710797,143.54485956,20.8,80.56,684.0
1874,Botswana,2007,57.928,296.57,29.6306883348332,168.10914725,20.09,83.98,641.0
2137,Botswana,2008,59.444,315.27,29.4219469588693,196.08949872,18.34,79.69,598.0
2400,Botswana,2009,60.937,326.95,29.2132055829054,168.40339687,17.73,134.49,557.0
2663,Botswana,2010,62.412,378.65,29.0044642069416,217.92911583,18.91,141.4,518.0
2926,Botswana,2011,63.865,415.58,28.7957228309777,255.23114738,19.01,140.25,480.0
3189,Botswana,2012,64.768,405.96,28.5869814550138,261.85706543,17.21,125.39,445.0
3452,Botswana,2013,65.572,418.32,28.37824007905,267.4292623,15.83,113.92,414.0
3715,Botswana,2014,66.368,402.46,28.1694987030861,273.10413869,14.96,97.36,385.0
3978,Botswana,2015,67.155,358.22,27.9607573271223,242.72445527,12.82,90.32,356.0
4241,Botswana,2016,67.933,369.84,27.7520159511584,246.02803326,12.23,102.86,326.0
4504,Botswana,2017,68.7,444.56,27.5432745751945,336.34928976,13.31,65.48,300.0
4767,Botswana,2018,69.446,419.65,27.3345331992307,287.81510518,21.43,96.02,275.0
5030,Botswana,2019,70.172,408.9,27.1257918232668,292.07744021,18.38,77.71,253.0
