,country,year,c_dollar2_poverty,c_forest_area,c_health_expenditure,c_out_of_pocket,c_physician,c_tuberculosis,c_urban_pop
31,Brunei Darussalam,2000,71.164,507.39,75.3320683111954,427.0623551,80.33,80.33,106.0
294,Brunei Darussalam,2001,71.652,463.82,75.0094876660342,385.86350735,77.95,77.95,73.0
557,Brunei Darussalam,2002,72.046,472.3,74.6869070208729,394.79277453,77.51,77.51,76.0
820,Brunei Darussalam,2003,72.421,534.14,74.3643263757116,443.0629712,91.08,91.08,68.0
1083,Brunei Darussalam,2004,72.794,617.52,74.0417457305503,513.1019704,104.42,104.42,59.0
1346,Brunei Darussalam,2005,73.163,643.33,73.719165085389,538.2527323,105.08,105.08,51.0
1609,Brunei Darussalam,2006,73.529,650.22,73.3965844402277,554.71306522,95.51,95.51,62.0
1872,Brunei Darussalam,2007,73.892,695.65,73.0740037950664,606.71109025,88.94,88.94,63.0
2135,Brunei Darussalam,2008,74.252,778.06,72.7514231499051,699.41247906,78.65,78.65,67.0
2398,Brunei Darussalam,2009,74.608,729.13,72.4288425047438,659.86771612,69.26,69.26,63.0
2661,Brunei Darussalam,2010,74.961,788.5,72.1062618595825,723.35955909,65.14,65.14,69.0
2924,Brunei Darussalam,2011,75.31,860.08,72.1062618595825,787.21317206,72.86,72.86,66.0
3187,Brunei Darussalam,2012,75.656,867.06,72.1062618595825,790.31015067,76.75,76.75,69.0
3450,Brunei Darussalam,2013,75.997,834.31,72.1062618595825,755.82205393,78.49,78.49,59.0
3713,Brunei Darussalam,2014,76.332,785.59,72.1062618595825,727.97032294,57.62,57.62,55.0
3976,Brunei Darussalam,2015,76.663,732.39,72.1062618595825,695.96794276,36.43,36.43,58.0
4239,Brunei Darussalam,2016,76.99,681.97,72.1062618595825,648.01247985,33.96,33.96,65.0
4502,Brunei Darussalam,2017,77.312,639.92,72.1062618595825,605.29091604,34.63,34.63,64.0
4765,Brunei Darussalam,2018,77.629,753.81,72.1062618595825,717.1890248,36.62,36.62,67.0
5028,Brunei Darussalam,2019,77.942,674.65,72.1062618595825,636.92087387,37.73,37.73,64.0
