,country,year,c_dollar2_poverty,c_forest_area,c_health_expenditure,c_out_of_pocket,c_physician,c_tuberculosis,c_urban_pop
19,Burkina Faso,2000,17.844,7.37,26.3760964912281,2.4013303,3.11,3.4,70.0
282,Burkina Faso,2001,18.54,7.52,26.1933479532164,2.53052125,3.21,3.52,69.0
545,Burkina Faso,2002,19.258,8.52,26.0105994152047,3.03382643,3.26,3.6,67.0
808,Burkina Faso,2003,19.996,11.44,25.827850877193,3.56610109,3.82,4.24,66.0
1071,Burkina Faso,2004,20.757,17.1,25.6451023391813,6.89177676,5.2,5.64,65.0
1334,Burkina Faso,2005,21.537,17.5,25.4623538011696,5.41655733,5.38,5.89,64.0
1597,Burkina Faso,2006,22.339,20.65,25.2796052631579,6.54446574,6.37,6.79,63.0
1860,Burkina Faso,2007,22.996,27.05,25.0968567251462,7.40052871,7.41,8.0,62.0
2123,Burkina Faso,2008,23.534,28.9,24.9141081871345,8.46463359,8.95,9.84,61.0
2386,Burkina Faso,2009,24.079,30.69,24.7313596491228,9.91433261,9.65,11.27,60.0
2649,Burkina Faso,2010,24.633,32.87,24.5486111111111,8.1940893,9.92,11.06,58.0
2912,Burkina Faso,2011,25.196,33.82,24.3657894736842,9.79513168,11.12,12.99,57.0
3175,Burkina Faso,2012,25.767,33.78,24.1829678362573,7.81315,10.94,13.06,55.0
3438,Burkina Faso,2013,26.346,42.41,24.0001461988304,12.29112082,14.22,17.6,54.0
3701,Burkina Faso,2014,26.934,38.37,23.8173245614035,12.48399823,13.08,16.83,54.0
3964,Burkina Faso,2015,27.53,32.44,23.6345029239766,9.2049504,11.69,15.23,52.0
4227,Burkina Faso,2016,28.134,39.65,23.4517543859649,15.89119716,12.44,14.45,51.0
4490,Burkina Faso,2017,28.743,43.07,23.2690058479532,18.65075326,13.64,16.67,49.0
4753,Burkina Faso,2018,29.358,39.0,23.0862573099415,16.57909433,13.98,16.5,48.0
5016,Burkina Faso,2019,29.98,41.07,22.9035087719298,17.17314707,14.25,17.41,47.0
