,country,year,c_dollar2_poverty,c_forest_area,c_health_expenditure,c_out_of_pocket,c_physician,c_tuberculosis,c_urban_pop
16,Burundi,2000,8.246,8.52,7.55218068535826,2.02162865,3.56,6.44,290.0
279,Burundi,2001,8.461,8.68,7.55218068535826,2.29478853,3.5,4.66,270.0
542,Burundi,2002,8.682,8.03,7.55218068535826,1.90593773,3.31,4.87,250.0
805,Burundi,2003,8.908,7.22,7.55218068535826,1.54958197,3.03,4.37,230.0
1068,Burundi,2004,9.139,9.9,7.55218068535826,3.04369242,3.52,4.47,211.0
1331,Burundi,2005,9.375,12.74,7.55218068535826,3.11823421,4.48,6.0,195.0
1594,Burundi,2006,9.617,16.53,7.55218068535826,3.93079689,5.76,8.06,181.0
1857,Burundi,2007,9.864,18.06,7.55218068535826,4.20593115,6.45,9.11,169.0
2120,Burundi,2008,10.118,17.98,7.55218068535826,3.03580802,6.47,9.66,160.0
2383,Burundi,2009,10.376,21.1,7.55218068535826,4.24192172,6.67,9.24,152.0
2646,Burundi,2010,10.642,25.11,7.55218068535826,4.42046301,7.08,9.92,144.0
2909,Burundi,2011,10.915,23.81,8.2196261682243,8.20740545,6.07,9.25,138.0
3172,Burundi,2012,11.194,20.31,8.88707165109034,6.35879598,4.61,8.11,133.0
3435,Burundi,2013,11.482,20.62,9.55451713395639,3.72196312,4.35,7.8,128.0
3698,Burundi,2014,11.776,18.59,10.2219626168224,7.18488471,5.76,9.02,126.0
3961,Burundi,2015,12.078,18.2,10.8894080996885,7.00206759,5.68,9.36,122.0
4224,Burundi,2016,12.388,19.47,10.8894080996885,6.36746355,5.44,5.83,118.0
4487,Burundi,2017,12.706,20.7,10.8894080996885,6.01348552,5.73,6.15,114.0
4750,Burundi,2018,13.032,19.55,10.8894080996885,5.71501108,5.23,5.54,111.0
5013,Burundi,2019,13.366,16.59,10.8894080996885,6.06700864,5.1,5.4,107.0
