,country,year,c_dollar2_poverty,c_forest_area,c_health_expenditure,c_out_of_pocket,c_physician,c_tuberculosis,c_urban_pop
47,Cabo Verde,2000,53.435,58.9,9.8560794044665,41.99433519,14.88,15.39,82.0
310,Cabo Verde,2001,54.291,62.79,9.93052109181141,45.84061749,14.65,15.16,83.0
573,Cabo Verde,2002,55.146,68.22,10.0049627791563,49.6614746,16.05,16.61,55.0
836,Cabo Verde,2003,55.997,83.48,10.0794044665012,61.23358071,20.18,20.89,88.0
1099,Cabo Verde,2004,56.846,92.05,10.1538461538462,65.68194392,21.94,22.75,80.0
1362,Cabo Verde,2005,57.689,94.59,10.2282878411911,65.36059964,23.26,24.1,79.0
1625,Cabo Verde,2006,58.529,111.28,10.302729528536,73.72824316,26.48,27.42,70.0
1888,Cabo Verde,2007,59.363,125.57,10.3771712158809,89.23925252,28.78,29.8,72.0
2151,Cabo Verde,2008,60.194,125.54,10.4516129032258,85.92053373,30.7,31.87,87.0
2414,Cabo Verde,2009,61.016,127.8,10.5260545905707,91.42776813,30.97,32.33,85.0
2677,Cabo Verde,2010,61.821,142.88,10.6004962779156,90.37728327,40.12,43.87,90.0
2940,Cabo Verde,2011,62.322,152.28,10.6749379652605,101.33967795,39.43,43.76,95.0
3203,Cabo Verde,2012,62.821,167.49,10.7493796526055,100.3235957,41.15,45.4,104.0
3466,Cabo Verde,2013,63.317,181.3,10.8238213399504,104.731108,43.96,48.87,74.0
3729,Cabo Verde,2014,63.81,181.44,10.8982630272953,103.6590966,46.63,50.45,66.0
3992,Cabo Verde,2015,64.3,139.49,10.9727047146402,91.79716274,38.68,41.88,64.0
4255,Cabo Verde,2016,64.784,144.33,11.0471464019851,91.73999099,41.42,45.22,58.0
4518,Cabo Verde,2017,65.261,165.04,11.12158808933,102.78370999,44.99,49.05,58.0
4781,Cabo Verde,2018,65.732,178.55,11.1960297766749,110.48407172,46.68,51.03,46.0
5044,Cabo Verde,2019,66.195,173.98,11.2704714640199,111.49305653,46.55,50.89,46.0
