,country,year,c_dollar2_poverty,c_forest_area,c_health_expenditure,c_out_of_pocket,c_physician,c_tuberculosis,c_urban_pop
122,Cambodia,2000,18.586,19.78,61.0752322682982,3.9108652,13.58,15.44,579.0
385,Cambodia,2001,18.703,22.66,60.9665930206209,3.83366018,14.1,17.2,566.0
648,Cambodia,2002,18.82,24.67,60.8579537729436,4.78276919,14.94,17.93,553.0
911,Cambodia,2003,18.937,25.31,60.7493145252663,5.41792848,15.58,17.17,539.0
1174,Cambodia,2004,19.055,29.03,60.6406752775889,5.6295423,16.32,18.7,525.0
1437,Cambodia,2005,19.174,32.52,60.5320360299116,5.79834128,19.8,22.02,510.0
1700,Cambodia,2006,19.293,33.03,60.4233967822343,5.18110932,17.29,21.31,495.0
1963,Cambodia,2007,19.413,30.92,60.314757534557,6.12279395,15.07,15.42,481.0
2226,Cambodia,2008,19.571,49.01,60.2061182868797,7.60447232,25.03,33.39,466.0
2489,Cambodia,2009,19.93,55.72,60.0974790392024,8.94553451,28.14,37.69,452.0
2752,Cambodia,2010,20.294,54.1,59.988839791525,10.66683236,28.08,35.87,438.0
3015,Cambodia,2011,20.663,66.05,58.0146612281894,11.26683936,39.46,47.46,425.0
3278,Cambodia,2012,21.037,69.02,56.0404826648538,13.37046678,41.73,42.27,412.0
3541,Cambodia,2013,21.415,72.12,54.0663041015182,14.41165201,44.15,44.21,398.0
3804,Cambodia,2014,21.799,73.59,52.0921255381826,13.61362123,43.14,43.26,383.0
4067,Cambodia,2015,22.188,72.52,50.117946974847,15.74241007,41.58,42.01,366.0
4330,Cambodia,2016,22.582,78.36,49.2359506004985,17.08757997,45.89,46.42,348.0
4593,Cambodia,2017,22.98,80.17,48.35395422615,21.25705028,46.69,51.54,329.0
4856,Cambodia,2018,23.388,94.21,47.4719578518015,25.33243338,57.44,62.75,308.0
5119,Cambodia,2019,23.805,115.26,46.589961477453,28.01696184,74.22,79.75,287.0
