,country,year,c_dollar2_poverty,c_forest_area,c_health_expenditure,c_out_of_pocket,c_physician,c_tuberculosis,c_urban_pop
35,Canada,2000,79.478,,38.7929818338782,1458.24848788,332.38,543.42,6.5
298,Canada,2001,79.81,,38.7876307080739,1496.62566,327.4,559.13,6.6
561,Canada,2002,79.888,,38.7822795822695,1556.96715343,341.93,592.41,6.1
824,Canada,2003,79.967,,38.7769284564652,1866.72108705,389.26,685.54,5.9
1087,Canada,2004,80.045,,38.7715773306609,2130.66980899,445.83,785.58,5.6
1350,Canada,2005,80.122,,38.7662262048566,2403.76096226,505.8,887.46,5.5
1613,Canada,2006,80.213,,38.7608750790522,2630.67862223,601.32,,5.4
1876,Canada,2007,80.396,,38.7555239532479,2938.0638995,658.39,,5.3
2139,Canada,2008,80.578,,38.7501728274436,3132.7991565,695.43,,5.4
2402,Canada,2009,80.758,,38.7448217016393,3082.59100415,665.47,,5.4
2665,Canada,2010,80.937,,38.7394705758349,3563.27208969,788.89,,4.6
2928,Canada,2011,81.096,,38.7348640747569,3819.3449331,818.69,,4.8
3191,Canada,2012,81.137,,38.7302575736789,3905.04517511,823.43,,5.5
3454,Canada,2013,81.178,,38.7256510726009,3880.16970318,794.34,,5.4
3717,Canada,2014,81.218,,38.7210445715229,3693.31867181,763.01,,5.1
3980,Canada,2015,81.259,,38.7164380704449,3306.72043133,683.11,,5.3
4243,Canada,2016,81.3,,38.7120133755838,3252.90027696,721.53,,5.5
4506,Canada,2017,81.35,,38.7078876013737,3417.37648692,753.05,,5.7
4769,Canada,2018,81.411,,38.7037629425392,3529.81420362,768.21,,5.6
5032,Canada,2019,81.482,,38.6996371683291,3547.4285646,764.34,,5.9
