,country,year,c_dollar2_poverty,c_forest_area,c_health_expenditure,c_out_of_pocket,c_physician,c_tuberculosis,c_urban_pop
227,Chad,2000,21.637,10.38,5.0452668360864,3.94876687,5.84,6.08,151.0
490,Chad,2001,21.67,12.0,4.97990787801779,4.18475166,6.99,7.39,152.0
753,Chad,2002,21.702,18.58,4.91454891994917,5.35996399,12.03,12.66,152.0
1016,Chad,2003,21.735,18.59,4.84918996188056,5.86256135,8.82,9.6,152.0
1279,Chad,2004,21.768,28.63,4.78383100381194,9.98554197,14.61,15.66,151.0
1542,Chad,2005,21.801,32.29,4.71847204574333,9.53667494,18.15,19.5,151.0
1805,Chad,2006,21.834,34.98,4.65311308767471,7.15458384,22.27,23.93,150.0
2068,Chad,2007,21.868,35.18,4.5877541296061,8.28520683,22.84,24.68,149.0
2331,Chad,2008,21.901,38.15,4.52239517153748,7.47486409,26.26,28.44,149.0
2594,Chad,2009,21.934,36.03,4.45703621346887,7.51239783,23.42,25.59,148.0
2857,Chad,2010,21.985,36.5,4.39167725540025,7.65801819,24.67,26.67,147.0
3120,Chad,2011,22.054,38.68,4.29002541296061,8.16092241,23.51,25.59,147.0
3383,Chad,2012,22.142,37.5,4.18837357052097,9.20603803,22.28,24.24,146.0
3646,Chad,2013,22.248,39.98,4.08672172808132,11.2928063,23.44,25.5,146.0
3909,Chad,2014,22.372,43.68,3.98506988564168,12.46413996,24.34,26.47,145.0
4172,Chad,2015,22.515,35.03,3.88341804320203,7.44979919,19.87,21.62,144.0
4435,Chad,2016,22.677,35.32,3.78732528589581,5.75129887,20.01,21.77,144.0
4698,Chad,2017,22.858,30.46,3.69361499364676,4.6527224,18.03,19.62,143.0
4961,Chad,2018,23.059,32.31,3.60149301143583,4.59823476,20.8,21.46,142.0
5224,Chad,2019,23.279,30.53,3.51175349428208,4.76420608,19.12,19.74,142.0
