,country,year,c_dollar2_poverty,c_forest_area,c_health_expenditure,c_out_of_pocket,c_physician,c_tuberculosis,c_urban_pop
39,Chile,2000,86.073,356.74,21.2728705691214,127.69557612,152.74,229.05,23.0
302,Chile,2001,86.363,326.97,21.3950172958259,118.89829176,139.34,208.07,22.0
565,Chile,2002,86.606,322.87,21.5171640225303,121.21288215,137.17,201.66,18.0
828,Chile,2003,86.665,349.78,21.6393107492347,133.78239793,149.58,216.0,16.0
1091,Chile,2004,86.725,427.44,21.7614574759392,168.69400453,178.86,258.74,19.0
1354,Chile,2005,86.783,500.87,21.8836042026436,197.05654261,212.73,303.82,18.0
1617,Chile,2006,86.842,571.9,22.005750929348,236.47372369,233.05,335.31,18.0
1880,Chile,2007,86.9,649.92,22.1278976560525,274.64978822,254.69,375.27,17.0
2143,Chile,2008,86.959,726.74,22.2500443827569,316.31364149,272.02,410.34,17.0
2406,Chile,2009,87.017,738.28,22.3721911094613,345.96944885,255.36,392.22,16.0
2669,Chile,2010,87.074,870.71,22.4943378361658,410.14342497,300.11,460.48,16.0
2932,Chile,2011,87.132,994.67,22.7285765777398,469.05888461,343.15,525.59,16.0
3195,Chile,2012,87.189,,22.9628153193138,518.40479978,361.29,563.04,16.0
3458,Chile,2013,87.246,,23.1970540608878,563.98758616,398.15,619.6,16.0
3721,Chile,2014,87.303,,23.4312928024618,548.99206357,394.11,601.04,15.0
3984,Chile,2015,87.36,,23.6655315440358,544.16385101,391.09,589.1,17.0
4247,Chile,2016,87.422,,23.8308640381315,585.77157723,409.97,593.96,16.0
4510,Chile,2017,87.49,,23.9961965322273,689.32199372,455.52,678.39,17.0
4773,Chile,2018,87.564,,24.161529026323,740.6114733,484.5,716.66,18.0
5036,Chile,2019,87.643,,24.3268615204188,697.30277096,449.19,672.18,18.0
