,country,year,c_dollar2_poverty,c_forest_area,c_health_expenditure,c_out_of_pocket,c_physician,c_tuberculosis,c_urban_pop
48,Costa Rica,2000,59.052,247.7,55.9580885233059,160.81551088,78.21,84.13,18.0
311,Costa Rica,2001,60.41,255.18,55.9854680767724,167.28890759,80.72,84.68,20.0
574,Costa Rica,2002,61.753,276.24,56.0128476302389,184.6968395,84.78,90.47,17.0
837,Costa Rica,2003,63.08,287.37,56.0402271837054,190.74340942,88.41,95.67,16.0
1100,Costa Rica,2004,64.388,290.13,56.0676067371719,191.53769981,93.02,97.92,21.0
1363,Costa Rica,2005,65.672,309.51,56.0949862906385,197.95495473,101.44,111.01,16.0
1626,Costa Rica,2006,66.935,359.79,56.122365844105,237.85616167,111.81,121.62,14.0
1889,Costa Rica,2007,68.174,423.64,56.1497453975715,280.49474636,130.96,142.74,16.0
2152,Costa Rica,2008,69.39,510.99,56.177124951038,346.55215331,150.8,163.72,14.0
2415,Costa Rica,2009,70.575,529.61,56.2045045045045,375.71871856,139.83,152.39,12.0
2678,Costa Rica,2010,71.736,654.17,56.231884057971,473.06549114,166.06,179.73,13.0
2941,Costa Rica,2011,72.868,742.14,56.5524089306698,520.93233347,191.35,220.25,14.0
3204,Costa Rica,2012,73.946,776.43,56.8729338033686,548.7877049,190.25,227.15,13.0
3467,Costa Rica,2013,74.97,816.88,57.1934586760674,579.98683037,189.73,236.57,11.0
3730,Costa Rica,2014,75.941,822.91,57.5139835487662,584.44308812,200.9,238.27,12.0
3993,Costa Rica,2015,76.862,875.35,57.8345084214649,636.43348334,197.82,238.86,11.0
4256,Costa Rica,2016,77.735,870.74,58.1551116333725,638.45929858,193.33,232.03,9.4
4519,Costa Rica,2017,78.56,853.75,58.4757148452801,627.58570318,181.47,225.71,9.6
4782,Costa Rica,2018,79.34,902.22,58.7961222091657,653.15350934,202.25,249.01,10.0
5045,Costa Rica,2019,80.076,914.88,59.1167254210732,663.61976758,204.24,251.26,10.0
