,country,year,c_dollar2_poverty,c_forest_area,c_health_expenditure,c_out_of_pocket,c_physician,c_tuberculosis,c_urban_pop
41,Cote d'Ivoire,2000,43.155,54.16,16.0202830188679,5.1881621,39.57,45.1,367.0
304,Cote d'Ivoire,2001,43.568,54.03,15.6652924528302,4.57737998,40.22,45.7,350.0
567,Cote d'Ivoire,2002,43.983,57.25,15.3103018867925,5.26815691,41.82,47.75,330.0
830,Cote d'Ivoire,2003,44.399,64.14,14.9553113207547,6.03392247,46.47,53.58,309.0
1093,Cote d'Ivoire,2004,44.817,67.68,14.600320754717,6.92151407,47.37,55.12,288.0
1356,Cote d'Ivoire,2005,45.234,62.35,14.2453301886792,6.58931709,43.83,51.6,267.0
1619,Cote d'Ivoire,2006,45.652,60.49,13.8903396226415,7.08326604,40.81,48.77,249.0
1882,Cote d'Ivoire,2007,46.071,64.68,13.5353490566038,8.35876039,40.97,50.79,233.0
2145,Cote d'Ivoire,2008,46.491,75.88,13.180358490566,10.020653,45.05,57.08,219.0
2408,Cote d'Ivoire,2009,46.91,72.83,12.8253679245283,10.88843755,43.42,54.44,207.0
2671,Cote d'Ivoire,2010,47.33,71.99,12.4703773584906,9.57931123,42.12,54.8,196.0
2934,Cote d'Ivoire,2011,47.751,72.45,12.1153899371069,9.55399052,42.9,54.06,186.0
3197,Cote d'Ivoire,2012,48.172,74.48,11.7604025157233,12.55167152,39.33,50.27,178.0
3460,Cote d'Ivoire,2013,48.593,71.52,11.4054150943396,14.00256412,40.17,51.29,170.0
3723,Cote d'Ivoire,2014,49.014,79.31,11.050427672956,16.52976838,40.56,52.1,165.0
3986,Cote d'Ivoire,2015,49.444,62.52,10.6954402515723,15.61912109,26.63,38.72,159.0
4249,Cote d'Ivoire,2016,49.881,66.39,10.3404402515723,17.05355258,26.57,39.43,153.0
4512,Cote d'Ivoire,2017,50.326,68.62,9.98544025157233,19.71050585,26.91,39.96,148.0
4775,Cote d'Ivoire,2018,50.779,70.97,9.63044025157233,20.62832043,27.88,41.63,142.0
5038,Cote d'Ivoire,2019,51.239,73.65,9.27547169811321,22.24538715,27.44,41.83,137.0
