,country,year,c_dollar2_poverty,c_forest_area,c_health_expenditure,c_out_of_pocket,c_physician,c_tuberculosis,c_urban_pop
50,Cuba,2000,75.323,181.15,22.6722532588454,151.61459458,29.4,29.4,12.0
313,Cuba,2001,75.555,198.59,23.135009310987,161.2873253,37.15,37.15,9.5
576,Cuba,2002,75.785,213.96,23.8217877620077,172.24630398,41.46,41.46,9.2
839,Cuba,2003,75.947,227.7,24.2866541353383,181.09301749,46.28,46.28,8.6
1102,Cuba,2004,76.041,232.51,24.7514331359835,186.10647587,45.57,45.57,8.0
1365,Cuba,2005,76.134,331.99,25.2113866967306,281.74200484,49.28,49.28,7.9
1628,Cuba,2006,76.227,387.44,25.68072911773,331.63764274,55.26,55.26,7.8
1891,Cuba,2007,76.32,570.31,26.1452461480646,513.89160051,55.79,55.79,7.8
2154,Cuba,2008,76.413,610.09,26.6121758737317,554.99691565,53.92,53.92,8.4
2417,Cuba,2009,76.505,676.22,27.0791055993987,620.78619007,54.77,54.77,7.3
2680,Cuba,2010,76.597,608.96,27.5460353250658,552.80704553,55.91,55.91,8.5
2943,Cuba,2011,76.689,695.99,27.9086306766608,619.34290121,75.28,75.28,8.2
3206,Cuba,2012,76.781,601.42,28.4372099128918,521.45649815,78.97,78.97,7.5
3469,Cuba,2013,76.827,710.79,29.5835732105162,622.7105347,87.22,87.22,7.7
3732,Cuba,2014,76.861,864.16,30.1249759661604,779.90809703,83.29,83.29,7.4
3995,Cuba,2015,76.896,985.42,30.5859750240154,890.13392605,94.82,94.82,7.1
4258,Cuba,2016,76.93,984.25,31.1514801999231,881.96013237,101.23,101.23,6.9
4521,Cuba,2017,76.977,980.09,31.233140655106,874.45636434,104.88,104.88,7.2
4784,Cuba,2018,77.037,973.14,31.233140655106,863.54352675,108.74,108.74,7.2
5047,Cuba,2019,77.109,,31.233140655106,901.83828332,109.92,109.92,6.5
