,country,year,c_dollar2_poverty,c_forest_area,c_health_expenditure,c_out_of_pocket,c_physician,c_tuberculosis,c_urban_pop
53,Cyprus,2000,68.648,750.52,18.5725108225108,308.27648521,419.55,438.24,4.0
316,Cyprus,2001,68.769,782.16,18.5858225108225,327.18671488,431.88,451.13,4.8
579,Cyprus,2002,68.694,890.48,18.5991341991342,395.19348466,469.92,489.95,2.3
842,Cyprus,2003,68.553,,18.6124458874459,503.29116735,545.67,635.12,4.0
1105,Cyprus,2004,68.41,,18.6257575757576,531.35339519,641.97,748.57,3.4
1368,Cyprus,2005,68.268,,18.6390692640693,566.50520102,680.72,792.22,3.8
1631,Cyprus,2006,68.125,,18.652380952381,631.33856537,712.37,833.91,3.9
1894,Cyprus,2007,67.982,,18.6656926406926,731.29557152,826.76,952.5,4.4
2157,Cyprus,2008,67.839,,18.6790043290043,896.84198561,,,5.1
2420,Cyprus,2009,67.695,,18.692316017316,895.4440157,,,5.3
2683,Cyprus,2010,67.551,,18.7056277056277,935.62803464,881.64,,6.2
2946,Cyprus,2011,67.406,,18.7028138528139,1002.41883006,874.94,,5.1
3209,Cyprus,2012,67.261,,18.7,872.10744523,804.8,,6.3
3472,Cyprus,2013,67.137,,18.6971861471861,873.00246515,816.34,,4.0
3735,Cyprus,2014,67.031,,18.6943722943723,796.74238636,845.33,,3.8
3998,Cyprus,2015,66.946,,18.6915584415584,671.260802,696.34,906.44,6.1
4261,Cyprus,2016,66.881,,18.6807359307359,693.19546651,735.75,952.79,5.5
4524,Cyprus,2017,66.836,,18.6785714285714,735.51172546,793.75,,4.9
4787,Cyprus,2018,66.81,,18.6764069264069,849.24345412,896.42,,4.8
5050,Cyprus,2019,66.805,,18.6742424242424,1128.0517988,656.52,901.54,6.2
