,country,year,c_dollar2_poverty,c_forest_area,c_health_expenditure,c_out_of_pocket,c_physician,c_tuberculosis,c_urban_pop
54,Czechia,2000,73.988,342.92,34.1308399119969,304.18498783,34.97,38.74,16.0
317,Czechia,2001,73.877,388.54,34.1568396531642,339.77447904,41.35,48.77,15.0
580,Czechia,2002,73.809,497.74,34.1828393943316,438.38212471,49.78,59.36,13.0
843,Czechia,2003,73.74,640.66,34.2088391354989,560.46039046,66.42,80.2,13.0
1106,Czechia,2004,73.671,746.33,34.2392699974113,653.80276218,79.89,92.53,12.0
1369,Czechia,2005,73.602,852.65,34.2652731038053,726.68377441,94.58,125.97,11.0
1632,Czechia,2006,73.533,942.12,34.295715210356,805.53871887,109.72,136.58,11.0
1895,Czechia,2007,73.463,,34.3217216828479,930.24390162,151.33,179.93,8.8
2158,Czechia,2008,73.394,,34.35217503884,1173.89025696,233.82,275.45,8.9
2421,Czechia,2009,73.324,,34.3781848783014,1195.37961567,217.07,246.86,7.0
2684,Czechia,2010,73.255,,34.4086494885407,1142.1187846,209.54,231.81,6.8
2947,Czechia,2011,73.185,,34.4371617247184,1269.27130281,227.81,247.28,6.2
3210,Czechia,2012,73.197,,34.465673960896,1159.09999182,212.16,228.31,6.2
3473,Czechia,2013,73.29,,34.4986531986532,1296.55383277,211.19,257.96,5.2
3736,Czechia,2014,73.384,,34.5271691271691,1249.22522547,213.05,263.7,5.2
3999,Czechia,2015,73.477,,34.5601606009584,1055.9097278,190.4,228.14,5.6
4262,Czechia,2016,73.57,,34.579070068644,1082.12039155,198.56,239.5,5.6
4525,Czechia,2017,73.675,,34.6025126278979,1281.97432773,221.88,243.37,5.4
4788,Czechia,2018,73.792,,34.6259551871519,1482.13306676,248.72,271.07,4.7
5051,Czechia,2019,73.921,,34.6514173213048,1526.63370195,254.09,276.42,5.0
