,country,year,c_dollar2_poverty,c_forest_area,c_health_expenditure,c_out_of_pocket,c_physician,c_tuberculosis,c_urban_pop
56,Djibouti,2000,76.532,30.91,0.241587575496117,14.83639846,15.86,16.07,692.0
319,Djibouti,2001,76.578,29.73,0.241587575496117,13.25569012,16.27,16.47,716.0
582,Djibouti,2002,76.624,38.05,0.241587575496117,13.64340773,16.29,16.49,534.0
845,Djibouti,2003,76.67,43.44,0.241587575496117,16.4299399,16.05,16.26,532.0
1108,Djibouti,2004,76.716,37.99,0.241587575496117,16.44226461,15.69,15.9,476.0
1371,Djibouti,2005,76.761,38.61,0.241587575496117,16.73558489,16.09,16.32,496.0
1634,Djibouti,2006,76.807,44.4,0.241587575496117,21.99959739,16.77,16.95,474.0
1897,Djibouti,2007,76.853,46.96,0.241587575496117,23.86804182,16.83,17.05,496.0
2160,Djibouti,2008,76.899,49.9,0.241587575496117,28.64023848,15.77,16.02,564.0
2423,Djibouti,2009,76.944,50.82,0.241587575496117,30.12047898,15.33,15.57,571.0
2686,Djibouti,2010,76.999,51.37,0.241587575496117,31.17156566,14.92,15.17,621.0
2949,Djibouti,2011,77.064,62.67,0.241587575496117,39.79411638,15.19,15.81,540.0
3212,Djibouti,2012,77.138,65.7,0.241587575496117,37.63223735,15.08,15.92,500.0
3475,Djibouti,2013,77.222,61.39,0.241587575496117,37.99414836,14.77,15.36,447.0
3738,Djibouti,2014,77.314,66.44,0.241587575496117,39.52075855,15.06,15.9,337.0
4001,Djibouti,2015,77.417,74.74,0.241587575496117,41.14376169,15.35,16.26,367.0
4264,Djibouti,2016,77.528,69.8,0.241587575496117,33.83786556,16.18,17.14,339.0
4527,Djibouti,2017,77.648,65.56,0.242018981880932,30.4415552,17.15,18.17,272.0
4790,Djibouti,2018,77.777,64.48,0.243313201035375,31.85686306,18.77,19.87,260.0
5053,Djibouti,2019,77.915,62.31,0.245901639344262,30.06840248,19.46,20.61,234.0
