,country,year,c_dollar2_poverty,c_forest_area,c_health_expenditure,c_out_of_pocket,c_physician,c_tuberculosis,c_urban_pop
57,Dominica,2000,65.265,259.65,63.8266666666667,163.8836691,85.75,88.18,4.5
320,Dominica,2001,65.382,231.98,63.8266666666667,128.40229942,95.45,98.16,5.6
583,Dominica,2002,65.689,227.22,63.8266666666667,118.97345207,94.76,97.45,3.3
846,Dominica,2003,65.994,243.1,63.8266666666667,135.52853861,97.44,100.2,8.4
1109,Dominica,2004,66.299,253.98,63.8266666666667,137.71171673,103.3,106.23,10.0
1372,Dominica,2005,66.601,263.9,63.8266666666667,148.14263904,105.62,108.62,12.0
1635,Dominica,2006,66.903,271.5,63.8266666666667,153.04397258,108.4,111.48,31.0
1898,Dominica,2007,67.203,293.62,63.8266666666667,154.46705952,126.14,129.72,4.9
2161,Dominica,2008,67.502,336.35,63.8266666666667,174.17665168,149.17,153.4,21.0
2424,Dominica,2009,67.799,354.45,63.8266666666667,190.09367337,149.72,153.97,6.5
2687,Dominica,2010,68.094,370.31,63.8266666666667,212.51022638,143.68,147.76,13.0
2950,Dominica,2011,68.389,388.87,63.8266666666667,229.70450972,143.04,147.1,3.2
3213,Dominica,2012,68.685,408.77,63.8266666666667,245.51195284,145.0,149.11,11.0
3476,Dominica,2013,68.982,387.08,63.8266666666667,237.52781393,136.88,140.76,4.9
3739,Dominica,2014,69.28,394.67,63.8266666666667,240.8780018,141.08,145.08,1.6
4002,Dominica,2015,69.579,398.52,63.8266666666667,251.24249574,135.72,139.56,11.0
4265,Dominica,2016,69.88,421.32,63.8266666666667,273.90150019,135.77,139.62,8.1
4528,Dominica,2017,70.181,404.61,63.8266666666667,279.21642649,115.55,118.82,1.6
4791,Dominica,2018,70.483,484.52,63.8266666666667,321.71265723,149.78,154.03,6.4
5054,Dominica,2019,70.786,442.51,63.8266666666667,285.24703457,149.83,154.08,16.0
