,country,year,c_dollar2_poverty,c_forest_area,c_health_expenditure,c_out_of_pocket,c_physician,c_tuberculosis,c_urban_pop
209,El Salvador,2000,58.912,155.13,32.523166023166,77.98966972,70.36,75.55,32.0
472,El Salvador,2001,59.464,161.76,32.3059845559846,78.63249253,73.01,79.79,31.0
735,El Salvador,2002,60.014,166.13,32.0888030888031,84.3370263,74.51,80.96,32.0
998,El Salvador,2003,60.561,170.79,31.8716216216216,85.46500916,78.04,84.49,29.0
1261,El Salvador,2004,61.107,184.88,31.6544401544402,91.33488367,82.58,89.73,29.0
1524,El Salvador,2005,61.648,223.97,31.4372586872587,103.41609986,98.61,116.03,37.0
1787,El Salvador,2006,62.187,230.5,31.2200772200772,119.86063697,89.32,103.88,34.0
2050,El Salvador,2007,62.774,238.63,31.0028957528958,115.53825054,99.37,115.37,34.0
2313,El Salvador,2008,63.678,251.83,30.7857142857143,121.20552044,105.79,122.38,35.0
2576,El Salvador,2009,64.57,255.38,30.5685328185328,118.62634196,98.15,117.04,34.0
2839,El Salvador,2010,65.452,268.67,30.3513513513514,131.92717316,101.58,120.53,34.0
3102,El Salvador,2011,66.325,293.37,30.1341698841699,158.60492181,111.91,132.48,38.0
3365,El Salvador,2012,67.187,298.73,29.9169884169884,154.61642559,116.63,138.15,41.0
3628,El Salvador,2013,68.036,321.83,29.699806949807,169.34168167,120.35,142.77,43.0
3891,El Salvador,2014,68.874,312.87,29.4826254826255,170.55891788,114.43,135.68,44.0
4154,El Salvador,2015,69.7,329.44,29.265444015444,180.88499612,116.03,143.23,48.0
4417,El Salvador,2016,70.501,337.27,29.0482625482625,187.60483853,116.49,144.26,60.0
4680,El Salvador,2017,71.275,335.74,28.8310810810811,182.67599021,125.17,152.69,72.0
4943,El Salvador,2018,72.023,345.15,28.6138996138996,188.48927998,129.77,156.06,70.0
5206,El Salvador,2019,72.746,364.13,28.3967181467181,201.80905362,131.15,161.19,58.0
