,country,year,c_dollar2_poverty,c_forest_area,c_health_expenditure,c_out_of_pocket,c_physician,c_tuberculosis,c_urban_pop
88,Equatorial Guinea,2000,49.092,36.31,93.2470588235294,5.39672763,28.37,29.75,187.0
351,Equatorial Guinea,2001,50.832,51.28,92.9491265597148,4.41889501,40.04,41.95,187.0
614,Equatorial Guinea,2002,52.573,64.46,92.6511942959002,4.35494215,54.27,56.52,187.0
877,Equatorial Guinea,2003,54.307,94.39,92.3532620320856,9.52659347,77.92,81.83,187.0
1140,Equatorial Guinea,2004,56.033,119.85,92.0553297682709,11.55661892,98.63,104.53,187.0
1403,Equatorial Guinea,2005,57.74,142.01,91.7573975044563,19.57134262,110.26,118.01,192.0
1666,Equatorial Guinea,2006,59.431,169.32,91.4594652406417,29.13085548,121.7,130.83,198.0
1929,Equatorial Guinea,2007,61.1,216.74,91.1615329768271,39.97195289,153.42,164.72,203.0
2192,Equatorial Guinea,2008,62.745,364.52,90.8636007130125,59.35174394,279.68,296.0,209.0
2455,Equatorial Guinea,2009,64.358,266.58,90.5656684491979,85.00664091,153.98,165.82,196.0
2718,Equatorial Guinea,2010,65.94,271.07,90.2677361853832,67.63001516,179.43,191.64,217.0
2981,Equatorial Guinea,2011,67.488,289.87,89.9697682709447,75.56242492,186.52,201.8,224.0
3244,Equatorial Guinea,2012,69.0,237.0,89.6718003565062,98.32748638,115.32,130.67,236.0
3507,Equatorial Guinea,2013,69.544,330.95,89.3738324420677,75.38029767,237.18,251.63,248.0
3770,Equatorial Guinea,2014,70.083,368.52,89.0758645276292,79.14160894,274.48,288.06,260.0
4033,Equatorial Guinea,2015,70.616,285.38,88.7778966131907,54.27029,220.16,227.56,274.0
4296,Equatorial Guinea,2016,71.138,252.67,88.4798573975044,55.80467178,187.89,193.85,294.0
4559,Equatorial Guinea,2017,71.646,248.93,88.1818181818182,49.69020212,187.77,194.01,286.0
4822,Equatorial Guinea,2018,72.143,270.56,87.8837789661319,54.43796369,203.29,209.76,254.0
5085,Equatorial Guinea,2019,72.627,222.74,87.5857397504456,47.30193348,167.95,173.4,286.0
