,country,year,c_dollar2_poverty,c_forest_area,c_health_expenditure,c_out_of_pocket,c_physician,c_tuberculosis,c_urban_pop
69,Eritrea,2000,26.587,13.18,11.0738613861386,4.68923706,8.4,8.4,177.0
332,Eritrea,2001,27.455,14.0,11.0425742574257,4.23804301,7.83,7.83,175.0
595,Eritrea,2002,28.341,14.82,11.0112871287129,4.69602395,6.82,6.82,173.0
858,Eritrea,2003,29.244,18.62,10.98,4.23642936,7.25,7.25,299.0
1121,Eritrea,2004,30.164,21.77,9.14032076920136,4.84376867,7.65,7.65,257.0
1384,Eritrea,2005,31.099,20.61,9.1109855799934,2.56065618,7.26,7.26,209.0
1647,Eritrea,2006,32.051,22.32,9.08647415225366,2.66297218,7.69,7.75,171.0
1910,Eritrea,2007,33.017,18.4,9.0582202286878,4.23468801,8.11,8.11,200.0
2173,Eritrea,2008,34.0,19.69,9.03025466560542,4.55449375,6.58,6.58,160.0
2436,Eritrea,2009,34.585,22.66,9.00325161746643,4.3378527,10.45,10.45,154.0
2699,Eritrea,2010,35.175,24.89,8.97748379233609,5.18575441,12.3,12.3,149.0
2962,Eritrea,2011,35.771,33.6,8.94961638502077,4.962985,12.45,12.45,157.0
3225,Eritrea,2012,36.372,26.21,8.92402610724028,5.49871185,13.88,13.88,160.0
3488,Eritrea,2013,36.979,29.74,8.90034222261119,4.63234955,14.61,14.61,144.0
3751,Eritrea,2014,37.59,31.79,8.87519711563943,4.02888613,16.74,16.74,119.0
4014,Eritrea,2015,38.206,26.84,8.84524597758958,4.46317977,11.31,11.31,102.0
4277,Eritrea,2016,38.827,22.73,8.81997366660957,4.73763822,12.83,12.83,108.0
4540,Eritrea,2017,39.451,20.89,8.79432689018704,5.64613142,8.55,8.55,99.0
4803,Eritrea,2018,40.08,24.03,8.76775721087697,3.75059731,11.75,11.75,89.0
5066,Eritrea,2019,40.712,25.26,8.74145380877288,4.44848343,10.91,10.91,86.0
