,country,year,c_dollar2_poverty,c_forest_area,c_health_expenditure,c_out_of_pocket,c_physician,c_tuberculosis,c_urban_pop
71,Estonia,2000,69.368,209.71,52.8164661476763,159.51070565,42.71,50.74,65.0
334,Estonia,2001,69.242,214.7,53.0456003774475,168.02286299,41.32,47.23,59.0
597,Estonia,2002,69.116,250.48,53.2747346072187,190.8970456,51.5,59.8,52.0
860,Estonia,2003,68.989,349.06,53.5038688369899,265.55016015,71.6,82.85,49.0
1123,Estonia,2004,68.862,455.07,53.733003066761,336.5958372,101.92,115.74,45.0
1386,Estonia,2005,68.735,524.68,53.9621372965322,388.3401079,118.77,133.96,41.0
1649,Estonia,2006,68.607,600.51,54.1912715263034,449.03341436,139.11,147.85,36.0
1912,Estonia,2007,68.479,832.73,54.4204057560746,625.1612277,188.62,203.29,39.0
2175,Estonia,2008,68.351,,54.6495399858457,791.95699489,215.23,242.67,34.0
2438,Estonia,2009,68.223,963.02,54.8786742156169,743.25765188,195.83,216.33,31.0
2701,Estonia,2010,68.094,926.45,55.1078084453881,687.51033433,203.06,222.35,25.0
2964,Estonia,2011,67.965,,55.508799245105,761.89769577,219.0,239.62,25.0
3227,Estonia,2012,67.974,,55.9097900448219,771.52268893,218.04,237.91,23.0
3490,Estonia,2013,68.122,,54.9117552334944,863.86729789,258.75,280.38,23.0
3753,Estonia,2014,68.269,,55.3027835288705,959.6121454,303.28,325.2,21.0
4016,Estonia,2015,68.416,,55.6938118242466,860.56233716,274.78,293.36,18.0
4279,Estonia,2016,68.563,,55.6993328732459,912.33089305,291.68,311.55,16.0
4542,Estonia,2017,68.717,,57.0385964912281,992.23490149,336.09,357.53,15.0
4805,Estonia,2018,68.88,,57.0385964912281,1143.16687864,383.15,409.9,13.0
5068,Estonia,2019,69.051,,57.0385964912281,1189.42261618,384.83,409.08,13.0
