,country,year,c_dollar2_poverty,c_forest_area,c_health_expenditure,c_out_of_pocket,c_physician,c_tuberculosis,c_urban_pop
222,Eswatini,2000,22.686,77.75,27.5162790697674,40.66184866,14.4,33.87,981.0
485,Eswatini,2001,22.555,76.11,27.5869186046512,35.31440873,13.6,32.35,1010.0
748,Eswatini,2002,22.425,75.28,27.6575581395349,33.01979599,12.71,30.35,1110.0
1011,Eswatini,2003,22.296,132.39,27.7281976744186,60.54395087,19.94,47.72,1270.0
1274,Eswatini,2004,22.166,177.12,27.7988372093023,78.59747618,25.94,62.21,1320.0
1537,Eswatini,2005,22.038,218.71,27.8694767441861,107.94472553,28.97,69.58,1420.0
1800,Eswatini,2006,21.91,238.98,27.9401162790698,105.64853566,29.64,71.31,1460.0
2063,Eswatini,2007,21.829,253.8,28.0107558139535,120.15023434,30.8,74.17,1430.0
2326,Eswatini,2008,22.045,267.73,28.0813953488372,134.61692393,28.22,68.03,1390.0
2589,Eswatini,2009,22.262,282.3,28.1520348837209,145.89506507,29.43,70.98,1590.0
2852,Eswatini,2010,22.48,346.7,28.2226744186047,170.6250809,36.25,87.5,1590.0
3115,Eswatini,2011,22.7,369.37,28.2932558139535,157.49796297,38.72,93.53,1300.0
3378,Eswatini,2012,22.849,343.83,28.3638372093023,150.06959195,36.13,87.32,1110.0
3641,Eswatini,2013,22.999,306.57,28.4344186046512,136.69300203,32.28,78.06,1030.0
3904,Eswatini,2014,23.149,285.05,28.505,107.63031499,30.07,72.75,855.0
4167,Eswatini,2015,23.3,252.68,28.5755813953488,105.51104812,26.7,64.62,648.0
4430,Eswatini,2016,23.459,227.8,28.646511627907,95.05529515,24.11,58.37,537.0
4693,Eswatini,2017,23.625,267.07,28.7168604651163,135.52576981,28.03,68.13,502.0
4956,Eswatini,2018,23.799,291.17,28.7872093023256,140.54393258,29.5,64.46,441.0
5219,Eswatini,2019,23.981,259.24,28.8575581395349,131.49325025,27.43,60.05,363.0
