,country,year,c_dollar2_poverty,c_forest_area,c_health_expenditure,c_out_of_pocket,c_physician,c_tuberculosis,c_urban_pop
72,Ethiopia,2000,14.74,5.32,18.5285,2.19309957,1.91,2.26,421.0
335,Ethiopia,2001,14.927,5.55,18.4555,2.36695058,1.92,2.23,409.0
598,Ethiopia,2002,15.118,5.19,18.3825,2.2922035,1.94,2.24,393.0
861,Ethiopia,2003,15.31,5.76,18.3095,2.67679457,1.99,2.27,376.0
1124,Ethiopia,2004,15.504,5.8,16.1585536740834,1.78210415,2.02,2.3,358.0
1387,Ethiopia,2005,15.7,6.56,16.0938364043574,2.76326171,2.06,2.34,341.0
1650,Ethiopia,2006,15.899,8.53,16.0289633892212,2.1437654,3.31,3.63,325.0
1913,Ethiopia,2007,16.116,11.79,15.9640299248578,3.14234038,4.36,4.72,310.0
2176,Ethiopia,2008,16.51,13.22,15.9002325987516,1.58841288,5.09,5.45,296.0
2439,Ethiopia,2009,16.91,15.36,15.8352641016892,2.99688777,6.38,7.21,282.0
2702,Ethiopia,2010,17.319,16.41,15.770829444492,2.83320356,6.94,7.92,268.0
2965,Ethiopia,2011,17.735,14.84,15.70608868877,1.26533198,6.9,8.0,253.0
3228,Ethiopia,2012,18.16,20.29,15.6413088777698,4.76679712,8.55,9.85,239.0
3491,Ethiopia,2013,18.575,19.54,15.5767636024244,5.27180309,8.28,9.72,224.0
3754,Ethiopia,2014,18.998,21.9,15.5125442169094,3.88137549,8.43,12.89,207.0
4017,Ethiopia,2015,19.428,23.53,15.4478441125305,5.94277559,8.65,13.29,192.0
4280,Ethiopia,2016,19.866,24.67,15.3828976181154,6.16791829,8.74,13.51,177.0
4543,Ethiopia,2017,20.31,24.51,15.3182905519655,6.1129363,8.43,9.73,164.0
4806,Ethiopia,2018,20.763,23.85,15.2534895820899,5.53186576,8.46,9.69,151.0
5069,Ethiopia,2019,21.225,26.23,15.1886785650104,5.92812411,9.95,11.34,140.0
