,country,year,c_dollar2_poverty,c_forest_area,c_health_expenditure,c_out_of_pocket,c_physician,c_tuberculosis,c_urban_pop
75,Finland,2000,82.183,,73.6913227617453,1307.64204754,373.44,419.0,12.0
338,Finland,2001,82.368,,73.6244656751699,1379.82868498,384.15,430.39,10.0
601,Finland,2002,82.503,,73.5576085885945,1581.97560289,427.19,477.14,9.9
864,Finland,2003,82.638,,73.4907515020191,2020.86890221,531.58,592.86,8.7
1127,Finland,2004,82.772,,73.4238944154437,2369.49307281,604.55,674.58,7.0
1390,Finland,2005,82.905,,73.3570373288683,2518.53783194,633.65,718.28,7.4
1653,Finland,2006,83.037,,73.4058597218112,2689.05933855,642.58,725.83,6.1
1916,Finland,2007,83.168,,73.3437206090302,3080.91088182,744.48,837.7,6.5
2179,Finland,2008,83.299,,73.3225666337611,3536.48763566,833.25,949.87,7.2
2442,Finland,2009,83.429,,73.2555577492596,3437.57562596,796.79,912.15,8.7
2705,Finland,2010,83.77,,73.1885488647581,3339.34150241,799.47,911.95,6.6
2968,Finland,2011,84.313,,73.3008654447333,3734.72058071,856.34,982.57,6.7
3231,Finland,2012,84.841,,73.4107736351969,3649.68307052,798.59,923.48,5.5
3494,Finland,2013,85.125,,73.5206818256606,3887.41297652,870.54,,5.6
3757,Finland,2014,85.175,,73.6305900161243,3916.2642827,868.23,,5.3
4020,Finland,2015,85.225,,73.7356454213418,3243.41366416,769.08,884.94,5.6
4283,Finland,2016,85.275,,73.7356454213418,3198.11520252,791.91,910.75,4.7
4546,Finland,2017,85.325,,73.7332192682285,3304.57099229,806.78,931.26,4.9
4809,Finland,2018,85.382,,73.7332192682285,3551.94916025,833.34,969.37,4.8
5072,Finland,2019,85.446,,73.7307932747672,3576.67969019,777.13,883.15,4.7
