,country,year,c_dollar2_poverty,c_forest_area,c_health_expenditure,c_out_of_pocket,c_physician,c_tuberculosis,c_urban_pop
77,France,2000,75.871,,27.9198709929561,1572.29595064,157.24,589.56,13.0
340,France,2001,76.127,,28.1264210589754,1595.38420949,160.85,597.33,12.0
603,France,2002,76.38,,28.3329711249947,1788.37252027,174.86,661.39,12.0
866,France,2003,76.632,,28.5238935727102,2183.64312079,221.76,822.66,12.0
1129,France,2004,76.883,,28.7460712570334,2512.53966384,250.62,946.09,10.0
1392,France,2005,77.13,,28.9531500830051,2593.60729683,263.44,981.42,10.0
1655,France,2006,77.377,,29.1597039212356,2716.6304043,356.72,,9.9
1918,France,2007,77.621,,29.3662577594661,3065.91113162,410.89,,11.0
2181,France,2008,77.868,,29.5728115976967,3395.28622912,482.17,,11.0
2444,France,2009,78.117,,29.7793654359272,3348.52673268,481.66,,9.6
2707,France,2010,78.369,,29.9859192741578,3235.02319063,470.03,,9.3
2970,France,2011,78.622,,30.1382321840466,3462.4546035,505.02,,9.1
3233,France,2012,78.878,,30.2905450939354,3264.73091351,470.03,,9.0
3496,France,2013,79.135,,30.4428580038243,3436.73059874,493.87,,9.0
3759,France,2014,79.394,,30.5951709137131,3501.53698915,500.04,,8.6
4022,France,2015,79.655,,30.7474838236019,3034.46828756,412.43,,8.5
4285,France,2016,79.917,,30.8997967334908,3197.14181618,414.15,,8.8
4548,France,2017,80.18,,31.0521096433796,3340.50552642,430.45,,9.1
4811,France,2018,80.444,,31.2044225532684,3538.18118631,443.87,,9.0
5074,France,2019,80.709,,31.3567354631573,3388.68857495,426.44,,9.1
