,country,year,c_dollar2_poverty,c_forest_area,c_health_expenditure,c_out_of_pocket,c_physician,c_tuberculosis,c_urban_pop
80,Gabon,2000,78.879,123.33,91.9781115380137,45.21397239,65.61,75.49,515.0
343,Gabon,2001,79.633,121.07,91.9584778980867,48.55685869,61.57,70.9,548.0
606,Gabon,2002,80.368,132.22,91.9388442581597,47.70402997,71.61,82.36,574.0
869,Gabon,2003,81.083,166.89,91.9192106182326,67.80661621,83.7,96.33,590.0
1132,Gabon,2004,81.778,182.62,91.8995769783056,74.54724919,91.23,105.18,596.0
1395,Gabon,2005,82.452,190.27,91.8799433383785,68.41126301,99.25,114.34,592.0
1658,Gabon,2006,83.107,212.62,91.8603096984515,82.34309502,108.81,125.33,576.0
1921,Gabon,2007,83.742,254.2,91.8406760585245,99.13302364,128.45,148.0,572.0
2184,Gabon,2008,84.359,271.51,91.8210424185974,103.40220329,141.32,162.48,567.0
2447,Gabon,2009,84.955,283.03,91.8014087786704,113.68279302,143.46,165.06,563.0
2710,Gabon,2010,85.533,207.94,91.7817751387434,132.14730364,53.04,73.42,559.0
2973,Gabon,2011,86.092,262.77,91.7356618931191,162.89965434,72.87,97.02,554.0
3236,Gabon,2012,86.634,226.33,91.6895486474949,138.62523172,63.38,86.61,550.0
3499,Gabon,2013,87.156,262.78,91.6434354018706,168.63135144,75.14,93.18,546.0
3762,Gabon,2014,87.651,234.42,91.5973221562464,140.37479449,65.94,91.7,541.0
4025,Gabon,2015,88.118,188.42,91.5512089106221,111.00042919,48.81,75.88,537.0
4288,Gabon,2016,88.559,208.91,91.5051034268638,135.15294772,47.11,72.32,533.0
4551,Gabon,2017,88.976,193.98,91.4589979431055,122.75797375,48.8,70.04,529.0
4814,Gabon,2018,89.37,211.23,91.4128924593472,123.77542125,48.82,84.87,525.0
5077,Gabon,2019,89.741,208.29,91.3667869755889,125.62064209,48.09,81.48,521.0
