,country,year,c_dollar2_poverty,c_forest_area,c_health_expenditure,c_out_of_pocket,c_physician,c_tuberculosis,c_urban_pop
89,Greece,2000,72.716,885.41,27.93040806827,545.6468532,321.16,339.76,7.3
352,Greece,2001,72.913,,28.1643669511249,635.10749389,349.46,369.71,5.2
615,Greece,2002,73.303,,28.398326609775,706.64398939,436.91,462.18,5.9
878,Greece,2003,73.689,,28.63228549263,937.71392632,593.66,628.69,6.1
1141,Greece,2004,74.073,,28.8662451512801,1045.11512219,694.56,737.61,7.6
1404,Greece,2005,74.452,,29.100204034135,1177.30244372,713.63,757.96,7.2
1667,Greece,2006,74.827,,29.3341629169899,1264.75851416,739.96,788.13,6.4
1930,Greece,2007,75.199,,29.56812257564,1537.00649634,830.52,889.71,6.4
2193,Greece,2008,75.568,,29.802081458495,1855.8395566,914.88,984.64,6.1
2456,Greece,2009,75.932,,30.0360411171451,1919.17341071,828.76,889.68,5.6
2719,Greece,2010,76.292,,30.27,1766.96422637,724.66,796.91,4.6
2982,Greece,2011,76.649,,30.27,1536.7378078,728.77,797.82,4.7
3245,Greece,2012,77.004,,30.27,1239.1604873,593.22,706.25,5.4
3508,Greece,2013,77.355,,30.27,1124.72885015,618.12,692.24,5.2
3771,Greece,2014,77.702,,30.27,967.12383943,632.58,711.16,5.1
4034,Greece,2015,78.046,,30.27,854.24318562,533.82,603.26,4.7
4297,Greece,2016,78.387,,30.2699767261443,777.79658685,519.17,731.6,4.4
4560,Greece,2017,78.724,,30.2699767261443,787.54150421,528.35,719.55,4.7
4823,Greece,2018,79.058,,30.2699767261443,836.2424723,578.39,764.7,4.4
5086,Greece,2019,79.388,,30.2699767261443,765.07092092,527.86,801.89,4.7
