,country,year,c_dollar2_poverty,c_forest_area,c_health_expenditure,c_out_of_pocket,c_physician,c_tuberculosis,c_urban_pop
85,Guinea,2000,30.869,23.0,28.1987628194693,1.45940721,15.01,15.13,228.0
348,Guinea,2001,31.144,22.04,28.0522545987303,1.67226264,13.96,14.07,224.0
611,Guinea,2002,31.42,25.15,27.9057463779912,3.00165304,14.92,15.04,221.0
874,Guinea,2003,31.698,25.94,27.7592381572522,2.29009998,16.19,16.32,218.0
1137,Guinea,2004,31.977,26.76,27.6127299365131,1.3514987,18.57,18.7,214.0
1400,Guinea,2005,32.257,19.94,27.4662217157741,1.28823681,13.95,14.08,210.0
1663,Guinea,2006,32.539,16.35,27.319713495035,1.12326945,11.58,11.7,206.0
1926,Guinea,2007,32.822,22.81,27.1732052742959,1.58351944,16.36,16.55,200.0
2189,Guinea,2008,33.106,23.25,27.0266970535569,1.91971071,16.5,16.69,195.0
2452,Guinea,2009,33.391,24.0,26.8801888328178,1.74434027,17.4,17.59,190.0
2715,Guinea,2010,33.678,22.87,26.7336806120788,2.42209195,15.85,16.01,186.0
2978,Guinea,2011,33.966,24.42,26.5871723913397,3.28935648,14.65,14.81,183.0
3241,Guinea,2012,34.255,23.99,26.4406641706007,3.52154583,14.97,15.2,180.0
3504,Guinea,2013,34.545,26.22,26.2941559498616,3.70199547,16.23,16.6,177.0
3767,Guinea,2014,34.836,37.09,26.1476477291226,4.7366708,21.64,25.49,177.0
4030,Guinea,2015,35.141,43.94,26.0011395083835,3.24741875,21.69,30.38,177.0
4293,Guinea,2016,35.46,38.88,25.8383525964512,4.78209905,19.35,23.51,176.0
4556,Guinea,2017,35.793,33.02,25.675565684519,5.06637227,21.33,24.82,176.0
4819,Guinea,2018,36.14,35.31,25.5127787725867,5.83084378,23.7,25.66,176.0
5082,Guinea,2019,36.5,42.68,25.3499918606544,9.61382015,25.27,28.46,176.0
