,country,year,c_dollar2_poverty,c_forest_area,c_health_expenditure,c_out_of_pocket,c_physician,c_tuberculosis,c_urban_pop
94,Guyana,2000,28.694,62.85,94.3064262128524,35.26337172,25.3,27.5,71.0
357,Guyana,2001,28.606,60.47,94.2838658877318,32.30635082,25.55,27.78,71.0
620,Guyana,2002,28.518,65.33,94.2613055626111,35.49824607,26.33,28.62,99.0
883,Guyana,2003,28.307,68.43,94.2387452374905,36.19486663,26.32,28.61,106.0
1146,Guyana,2004,28.064,74.89,94.2161849123698,37.90043831,27.82,30.24,101.0
1409,Guyana,2005,27.822,85.49,94.1936245872492,40.12169381,30.02,32.63,107.0
1672,Guyana,2006,27.582,98.42,94.1710642621285,41.35579407,34.73,37.76,119.0
1935,Guyana,2007,27.343,125.85,94.1485039370079,49.49298801,41.52,45.13,99.0
2198,Guyana,2008,27.105,138.78,94.1259436118872,55.97448671,49.03,53.29,109.0
2461,Guyana,2009,26.869,150.38,94.1033832867666,64.99047735,49.4,53.7,128.0
2724,Guyana,2010,26.634,162.99,94.0808229616459,70.28687894,56.63,61.56,119.0
2987,Guyana,2011,26.4,186.59,94.0214376428753,90.65618455,64.96,70.61,118.0
3250,Guyana,2012,26.4,202.52,93.9620523241046,98.14544533,78.77,85.63,124.0
3513,Guyana,2013,26.4,212.03,93.902667005334,105.28613215,80.48,87.48,112.0
3776,Guyana,2014,26.414,216.93,93.8432816865634,119.53012366,78.0,84.78,89.0
4039,Guyana,2015,26.441,228.02,93.7838963677927,133.59229631,76.88,83.57,93.0
4302,Guyana,2016,26.482,237.3,93.7371602743206,149.51926067,71.04,77.22,94.0
4565,Guyana,2017,26.538,268.69,93.6903733807468,173.67690041,77.49,84.23,84.0
4828,Guyana,2018,26.606,298.95,93.6436372872746,179.89072611,100.84,109.61,83.0
5091,Guyana,2019,26.689,319.36,93.5968503937008,189.85088212,111.24,120.91,79.0
