,country,year,c_dollar2_poverty,c_forest_area,c_health_expenditure,c_out_of_pocket,c_physician,c_tuberculosis,c_urban_pop
100,Haiti,2000,35.6,30.15,13.8116835994194,6.57905503,13.38,14.08,270.0
363,Haiti,2001,37.251,27.21,13.8034470246734,5.27665738,12.3,12.95,274.0
626,Haiti,2002,38.935,22.23,13.7952104499274,3.16589967,10.71,11.31,277.0
889,Haiti,2003,40.645,18.5,13.7869738751814,2.70389433,8.89,9.44,277.0
1152,Haiti,2004,41.679,23.9,13.7787373004354,4.08736353,11.11,11.83,276.0
1415,Haiti,2005,42.638,25.12,13.7705007256894,4.43337388,11.56,12.39,272.0
1678,Haiti,2006,43.604,28.96,13.7622641509434,2.40997917,12.47,13.46,266.0
1941,Haiti,2007,44.574,37.41,13.7540275761974,8.12767471,15.01,16.23,257.0
2204,Haiti,2008,45.551,40.26,13.7457910014514,8.9187368,15.53,16.92,248.0
2467,Haiti,2009,46.528,41.22,13.7375544267054,9.20597036,16.19,17.54,238.0
2730,Haiti,2010,47.509,55.51,13.7293178519594,9.91825377,18.49,19.97,229.0
2993,Haiti,2011,48.492,76.82,13.616618287373,5.47895715,20.04,21.65,220.0
3256,Haiti,2012,49.477,74.8,13.5039187227866,6.15014421,21.27,23.22,213.0
3519,Haiti,2013,50.46,59.16,13.3912191582003,6.8521335,21.44,23.68,206.0
3782,Haiti,2014,51.444,64.86,13.2785195936139,6.72015302,20.12,22.51,200.0
4045,Haiti,2015,52.427,68.24,13.1658200290276,7.54203537,23.18,25.98,194.0
4308,Haiti,2016,53.396,59.83,13.0529753265602,6.59301186,21.11,23.66,188.0
4571,Haiti,2017,54.346,53.58,12.9401306240929,6.52368263,24.33,28.86,181.0
4834,Haiti,2018,55.278,62.02,12.8272859216255,7.56501107,24.1,29.11,176.0
5097,Haiti,2019,56.192,49.09,12.7144412191582,5.1137527,19.16,23.23,170.0
