,country,year,c_dollar2_poverty,c_forest_area,c_health_expenditure,c_out_of_pocket,c_physician,c_tuberculosis,c_urban_pop
101,Hungary,2000,64.575,313.11,21.4368444543629,215.56372693,85.68,97.54,35.0
364,Hungary,2001,64.67,359.7,21.5765677304173,240.64538239,103.83,119.05,33.0
627,Hungary,2002,65.081,473.13,21.7162910064718,327.59430456,130.41,145.53,31.0
890,Hungary,2003,65.489,682.87,21.8560142825262,477.88232053,180.24,204.98,31.0
1153,Hungary,2004,65.896,798.45,21.9957375585807,555.92113121,206.58,242.53,26.0
1416,Hungary,2005,66.365,895.2,22.1379310344828,628.05573478,230.98,267.15,21.0
1679,Hungary,2006,66.895,893.2,22.2776699029126,628.40213996,223.72,264.8,19.0
1942,Hungary,2007,67.421,,22.4174087713425,680.09439452,271.02,323.16,18.0
2205,Hungary,2008,67.943,,22.5571476397723,756.86800194,301.1,360.33,16.0
2468,Hungary,2009,68.46,943.69,22.4662321882249,641.5347757,247.9,302.15,15.0
2731,Hungary,2010,68.911,983.11,22.6045509775765,655.00323097,269.82,328.11,18.0
2994,Hungary,2011,69.358,,22.6364299127361,704.17320842,300.35,359.26,15.0
3257,Hungary,2012,69.678,961.14,22.6683088478957,623.20524528,282.55,337.93,13.0
3520,Hungary,2013,69.953,990.63,22.7001877830553,655.89449317,281.19,334.74,12.0
3783,Hungary,2014,70.227,,22.5502301117686,671.32477167,285.36,334.83,9.3
4046,Hungary,2015,70.5,870.52,22.5818540433925,590.08395664,239.29,280.44,10.0
4309,Hungary,2016,70.779,914.19,22.5589524435678,619.01049735,253.13,295.18,8.6
4572,Hungary,2017,71.062,984.41,22.5429541968004,673.72674791,268.43,310.68,7.6
4835,Hungary,2018,71.351,,22.5281612973921,747.29234528,289.44,332.55,7.1
5098,Hungary,2019,71.644,,22.5122726276572,719.78494777,292.95,333.94,6.2
