,country,year,c_dollar2_poverty,c_forest_area,c_health_expenditure,c_out_of_pocket,c_physician,c_tuberculosis,c_urban_pop
113,Iceland,2000,92.401,,0.297556109725686,2305.15813607,514.14,548.57,5.3
376,Iceland,2001,92.532,,0.312359102244389,2037.74028112,456.92,436.8,4.8
639,Iceland,2002,92.662,,0.327162094763092,2477.82448398,526.86,566.97,3.2
902,Iceland,2003,92.789,,0.341965087281795,3118.62616833,667.18,718.47,2.0
1165,Iceland,2004,92.914,,0.356768079800499,3570.93868601,781.0,840.4,4.3
1428,Iceland,2005,93.037,,0.371571072319202,4111.95437544,892.86,964.42,3.9
1691,Iceland,2006,93.159,,0.386374064837905,4009.83610631,832.92,905.22,4.9
1954,Iceland,2007,93.278,,0.401177057356608,4757.05587759,955.29,,4.4
2217,Iceland,2008,93.395,,0.415980049875312,3902.39984799,772.35,844.29,2.2
2480,Iceland,2009,93.511,,0.430783042394015,2955.99162705,611.01,664.84,3.2
2743,Iceland,2010,93.574,,0.445586034912718,2884.60597365,674.05,727.45,7.9
3006,Iceland,2011,93.587,,0.452548628428928,3128.71052574,723.58,781.87,2.9
3269,Iceland,2012,93.6,,0.459511221945137,3004.93259257,698.13,754.96,3.6
3532,Iceland,2013,93.633,,0.466473815461347,3264.32207596,742.76,804.24,3.9
3795,Iceland,2014,93.667,,0.473436408977556,3612.1960901,806.87,875.33,2.8
4058,Iceland,2015,93.7,,0.480399002493766,3450.52805664,753.25,819.41,2.4
4321,Iceland,2016,93.735,,0.485386533665835,4088.26091055,846.04,927.47,2.1
4584,Iceland,2017,93.773,,0.492568578553616,4866.71171132,977.92,,4.4
4847,Iceland,2018,93.813,,0.496280868789051,5135.58013192,993.5,,2.6
5110,Iceland,2019,93.855,,0.502727362888029,4856.22203404,911.78,,4.1
