,country,year,c_dollar2_poverty,c_forest_area,c_health_expenditure,c_out_of_pocket,c_physician,c_tuberculosis,c_urban_pop
109,India,2000,27.667,18.45,22.7334950003195,3.81527883,13.23,14.14,341.0
372,India,2001,27.918,19.72,22.7975675957473,3.72343702,14.62,15.54,340.0
635,India,2002,28.244,20.14,22.8616401911751,3.65893925,14.78,15.99,339.0
898,India,2003,28.572,21.88,22.9257127866029,4.09548742,16.07,17.45,337.0
1161,India,2004,28.903,24.92,22.9897853820307,4.48087354,18.06,19.88,334.0
1424,India,2005,29.235,27.5,23.0538579774586,5.53456856,20.12,21.54,329.0
1687,India,2006,29.569,29.39,23.1179305728864,6.02648642,21.24,22.94,323.0
1950,India,2007,29.906,35.66,23.1820031683142,7.45272359,25.25,27.67,316.0
2213,India,2008,30.246,37.69,23.246075763742,8.52863759,26.06,28.46,309.0
2476,India,2009,30.587,38.12,23.3101483591698,9.76216672,25.45,27.97,300.0
2739,India,2010,30.93,44.9,23.3742209545976,11.76648238,29.27,32.7,292.0
3002,India,2011,31.276,48.32,23.4638216864714,13.95161623,30.07,33.95,284.0
3265,India,2012,31.634,48.61,23.5534224183453,13.60619834,30.63,34.55,277.0
3528,India,2013,32.003,55.67,23.6430231502191,12.8440122,38.45,42.68,270.0
3791,India,2014,32.384,56.57,23.732623882093,13.38577016,37.91,42.76,263.0
4054,India,2015,32.777,58.35,23.8222246139668,14.9611808,37.73,42.97,256.0
4317,India,2016,33.182,59.96,23.9118253458407,16.09321398,37.9,43.49,249.0
4580,India,2017,33.6,56.9,24.0014260777145,18.74644953,31.36,37.82,234.0
4843,India,2018,34.03,57.7,24.0910268095884,19.7877575,30.72,37.65,224.0
5106,India,2019,34.472,60.67,24.1806275414622,20.31020408,32.38,39.83,214.0
