,country,year,c_dollar2_poverty,c_forest_area,c_health_expenditure,c_out_of_pocket,c_physician,c_tuberculosis,c_urban_pop
110,Ireland,2000,59.155,,9.15023951226593,1212.97553375,189.61,351.86,12.0
373,Ireland,2001,59.399,,9.28091159820003,1430.51244155,194.17,393.22,12.0
636,Ireland,2002,59.649,,9.41158368413413,1738.08906564,230.31,462.27,11.0
899,Ireland,2003,59.925,,9.54225577006822,2292.74260723,382.74,618.19,12.0
1162,Ireland,2004,60.202,,9.67292785600232,2748.78681208,425.6,734.37,12.0
1425,Ireland,2005,60.477,,9.80359994193642,3105.96676879,533.74,832.22,12.0
1688,Ireland,2006,60.738,,9.93427202787052,3227.519565,577.68,919.61,12.0
1951,Ireland,2007,60.94,,10.0649441138046,3849.66909269,562.21,,11.0
2214,Ireland,2008,61.141,,10.1956161997387,4472.76311394,668.93,,11.0
2477,Ireland,2009,61.342,,10.3262882856728,4241.16935267,698.9,,11.0
2740,Ireland,2010,61.542,,10.4569603716069,3910.55039097,708.19,,9.8
3003,Ireland,2011,61.742,,10.5565103788649,3996.09913216,772.2,,9.8
3266,Ireland,2012,61.942,,10.6560603861228,3746.5812745,725.63,,8.6
3529,Ireland,2013,62.141,,10.7556103933808,3761.5351061,761.46,,8.9
3792,Ireland,2014,62.34,,10.8551604006387,3784.5730749,762.71,,7.4
4055,Ireland,2015,62.538,,10.9547104078966,3284.60896672,602.71,,7.3
4318,Ireland,2016,62.737,,11.0661924807664,3424.568101,602.53,,7.1
4581,Ireland,2017,62.947,,11.1775293946872,3656.44117517,631.72,,7.3
4844,Ireland,2018,63.17,,11.2355929743069,4065.23517923,659.35,,7.0
5107,Ireland,2019,63.405,,11.2936565539265,4053.05613646,642.31,,5.8
