,country,year,c_dollar2_poverty,c_forest_area,c_health_expenditure,c_out_of_pocket,c_physician,c_tuberculosis,c_urban_pop
114,Israel,2000,91.203,,7.07024029574861,928.62019743,433.98,508.74,10.0
377,Israel,2001,91.267,,7.07486136783734,949.48806302,459.43,534.9,9.4
640,Israel,2002,91.33,,7.07948243992606,871.80961274,379.21,459.9,8.4
903,Israel,2003,91.393,,7.08410351201479,868.88142869,397.92,493.06,8.4
1166,Israel,2004,91.456,,7.08872458410351,891.54048694,414.55,518.99,8.0
1429,Israel,2005,91.518,,7.09334565619224,906.31984718,457.36,575.05,6.4
1692,Israel,2006,91.58,,7.09796672828096,971.14476259,400.86,564.74,5.7
1955,Israel,2007,91.641,,7.10258780036969,1074.07698566,472.63,675.5,6.6
2218,Israel,2008,91.702,,7.10720887245841,1304.46771718,539.52,794.45,5.2
2481,Israel,2009,91.763,,7.11182994454713,1246.51900577,517.6,763.18,5.5
2744,Israel,2010,91.826,,7.11645101663586,1407.03548026,533.49,804.46,5.3
3007,Israel,2011,91.892,,7.2181146025878,1530.91133596,581.15,882.14,6.4
3270,Israel,2012,91.96,,7.31977818853974,1508.92061558,564.18,867.2,7.7
3533,Israel,2013,92.031,,7.42144177449168,1700.37394654,607.4,943.61,4.6
3796,Israel,2014,92.104,,7.52310536044362,1777.88421296,647.99,,5.3
4059,Israel,2015,92.179,,7.62476894639556,1687.33095074,598.68,936.0,4.0
4322,Israel,2016,92.256,,6.46950092421442,1773.6272069,639.31,990.1,3.5
4585,Israel,2017,92.336,,6.46950092421442,1976.45334827,693.99,,3.2
4848,Israel,2018,92.418,,6.46950092421442,2082.00685773,703.08,,4.0
5111,Israel,2019,92.501,,6.46950092421442,2233.63554187,726.75,,2.9
