,country,year,c_dollar2_poverty,c_forest_area,c_health_expenditure,c_out_of_pocket,c_physician,c_tuberculosis,c_urban_pop
118,Japan,2000,78.649,,68.2469135802469,2216.86102478,438.69,539.38,36.0
381,Japan,2001,79.99,,68.2716049382716,2017.99706408,393.45,474.46,32.0
644,Japan,2002,81.647,,68.2962962962963,1950.84329528,386.01,464.97,30.0
907,Japan,2003,83.196,,68.320987654321,2122.03904541,448.13,531.71,29.0
1170,Japan,2004,84.64,,68.3456790123457,2318.2692738,479.08,569.67,27.0
1433,Japan,2005,85.978,,68.3703703703704,2349.98020801,453.78,545.23,24.0
1696,Japan,2006,87.118,,68.3950617283951,2221.36266289,454.17,544.23,23.0
1959,Japan,2007,88.146,,68.4197530864198,2261.37832697,431.82,521.88,22.0
2222,Japan,2008,89.103,,68.4444444444444,2617.96598061,491.47,607.3,22.0
2485,Japan,2009,89.989,,68.4691358024691,3006.87702722,560.7,691.88,21.0
2748,Japan,2010,90.812,,68.4938271604938,3337.99427391,593.65,736.35,20.0
3011,Japan,2011,91.069,,68.481755829904,4276.54887588,670.12,830.35,20.0
3274,Japan,2012,91.148,,68.4696844993141,4394.1205313,679.16,841.3,19.0
3537,Japan,2013,91.226,,68.4576131687243,3671.82202461,553.48,685.86,18.0
3800,Japan,2014,91.304,,68.4455418381344,3466.94303992,530.43,654.59,18.0
4063,Japan,2015,91.381,,68.4334705075446,3157.24622589,486.17,597.67,17.0
4326,Japan,2016,91.457,,68.4224965706447,3529.3217994,539.85,670.39,16.0
4589,Japan,2017,91.535,,68.4087791495199,3493.54079767,524.97,654.83,15.0
4852,Japan,2018,91.616,,68.4087791495199,3592.09517323,557.21,695.9,14.0
5115,Japan,2019,91.698,,68.4087791495199,3682.4885659,566.02,707.59,13.0
