,country,year,c_dollar2_poverty,c_forest_area,c_health_expenditure,c_out_of_pocket,c_physician,c_tuberculosis,c_urban_pop
117,Jordan,2000,78.27,161.24,1.10494106980961,72.52790082,63.04,84.52,7.5
380,Jordan,2001,78.283,171.83,1.10494106980961,78.40030717,66.11,88.78,8.2
643,Jordan,2002,78.296,175.38,1.10494106980961,83.14728057,69.24,88.49,7.3
906,Jordan,2003,78.308,172.25,1.10494106980961,80.24367847,72.4,85.73,7.4
1169,Jordan,2004,78.321,186.11,1.10494106980961,73.1678493,75.72,86.42,7.3
1432,Jordan,2005,79.485,196.47,1.10494106980961,101.58762573,78.74,89.17,8.0
1695,Jordan,2006,80.97,199.65,1.10494106980961,102.37805354,78.23,87.29,7.8
1958,Jordan,2007,82.371,219.41,1.10494106980961,124.40957091,79.09,87.81,6.7
2221,Jordan,2008,83.692,289.99,1.10494106980961,175.47856038,92.63,110.47,6.8
2484,Jordan,2009,84.928,333.81,1.09822031989187,223.92324775,75.82,97.01,6.7
2747,Jordan,2010,86.088,319.84,1.09822031989187,213.3628808,69.9,92.05,5.8
3010,Jordan,2011,87.172,338.35,1.09822031989187,228.20533547,70.72,97.46,5.4
3273,Jordan,2012,88.185,342.94,1.09822031989187,220.88020687,74.02,100.97,5.1
3536,Jordan,2013,89.125,320.87,1.09822031989187,197.49903671,71.02,103.05,5.1
3799,Jordan,2014,90.0,306.81,1.09822031989187,197.81369386,64.09,90.94,5.4
4062,Jordan,2015,90.256,303.23,1.09822031989187,162.35180932,89.06,138.45,5.7
4325,Jordan,2016,90.506,286.5,1.09822031989187,139.02189044,87.74,135.45,5.4
4588,Jordan,2017,90.747,323.55,1.09822031989187,144.95365649,98.45,148.51,6.7
4851,Jordan,2018,90.979,322.12,1.09822031989187,157.43699828,99.68,150.36,5.0
5114,Jordan,2019,91.203,314.88,1.09804716534901,160.8886303,95.54,144.11,5.5
