,country,year,c_dollar2_poverty,c_forest_area,c_health_expenditure,c_out_of_pocket,c_physician,c_tuberculosis,c_urban_pop
119,Kazakhstan,2000,56.098,49.95,1.16936170685632,25.44677607,24.23,24.5,171.0
382,Kazakhstan,2001,56.171,50.32,1.16659302885506,28.50272932,21.49,21.81,185.0
645,Kazakhstan,2002,56.244,58.06,1.16382431381265,31.05934843,26.65,27.01,193.0
908,Kazakhstan,2003,56.317,74.47,1.16105563581139,40.81237882,33.17,33.61,196.0
1171,Kazakhstan,2004,56.39,110.73,1.15828695781013,64.49841588,45.44,46.05,195.0
1434,Kazakhstan,2005,56.463,142.36,1.15551827980887,92.4008784,48.99,49.78,187.0
1697,Kazakhstan,2006,56.536,173.97,1.15274956476646,118.46086625,54.07,55.17,175.0
1960,Kazakhstan,2007,56.609,177.07,1.1499808867652,117.3535659,58.03,59.43,164.0
2223,Kazakhstan,2008,56.682,251.25,1.14721220876394,186.71513288,61.49,63.62,158.0
2486,Kazakhstan,2009,56.755,245.99,1.14444349372152,186.72173415,56.36,58.5,152.0
2749,Kazakhstan,2010,56.827,243.64,1.14167481572027,164.18169548,66.5,76.85,144.0
3012,Kazakhstan,2011,56.9,297.24,1.15843793754862,210.43830617,73.11,85.28,135.0
3275,Kazakhstan,2012,56.973,369.38,1.17520102233582,251.73207197,102.76,117.09,122.0
3538,Kazakhstan,2013,57.046,363.27,1.19196410712301,251.9715055,94.29,110.64,106.0
3801,Kazakhstan,2014,57.118,374.39,1.20872722895136,268.49749591,89.11,105.45,91.0
4064,Kazakhstan,2015,57.191,314.33,1.22549031373856,198.48085549,100.88,115.59,81.0
4327,Kazakhstan,2016,57.264,259.87,1.23632625847316,154.92519164,92.7,104.47,73.0
4590,Kazakhstan,2017,57.336,278.01,1.24716079564396,172.37873141,92.14,105.12,69.0
4853,Kazakhstan,2018,57.428,272.6,1.25799207319332,165.84328838,91.24,106.34,67.0
5116,Kazakhstan,2019,57.54,270.01,1.26882246175501,161.84105339,91.44,108.17,68.0
