,country,year,c_dollar2_poverty,c_forest_area,c_health_expenditure,c_out_of_pocket,c_physician,c_tuberculosis,c_urban_pop
120,Kenya,2000,19.892,21.4,6.95995712829884,5.89590777,10.02,12.54,451.0
383,Kenya,2001,20.239,22.14,6.89936570966722,6.22665348,10.2,12.77,499.0
646,Kenya,2002,20.591,22.33,6.8387742910356,6.44098264,9.9,12.39,534.0
909,Kenya,2003,20.948,25.71,6.77818287240398,7.12385703,11.57,14.3,610.0
1172,Kenya,2004,21.31,27.75,6.71759145377236,7.07264168,12.27,15.04,634.0
1435,Kenya,2005,21.675,31.14,6.65700003514074,8.22010583,14.0,17.06,630.0
1698,Kenya,2006,22.045,41.08,6.59640861650912,9.47544798,15.79,19.2,646.0
1961,Kenya,2007,22.42,50.39,6.5358171978775,12.27986803,18.02,22.91,618.0
2224,Kenya,2008,22.8,55.42,6.47522577924588,14.21174629,18.54,24.48,564.0
2487,Kenya,2009,23.183,55.29,6.41463436061426,15.31607248,17.42,23.76,566.0
2750,Kenya,2010,23.571,58.93,6.35404294198264,17.06763944,17.78,24.89,531.0
3013,Kenya,2011,23.969,57.19,6.32103524616087,17.65128708,17.71,24.48,506.0
3276,Kenya,2012,24.376,64.72,6.28802755033911,20.97498849,20.45,28.01,471.0
3539,Kenya,2013,24.794,67.89,6.25501985451734,22.86794341,21.81,29.65,443.0
3802,Kenya,2014,25.221,73.19,6.22201215869558,27.37998824,21.39,31.16,423.0
4065,Kenya,2015,25.658,71.31,6.18900446287381,28.79389319,19.18,29.73,380.0
4328,Kenya,2016,26.105,74.27,6.24094247461082,31.79279864,18.57,30.44,348.0
4591,Kenya,2017,26.562,66.8,6.29288048634782,28.68562276,15.55,24.03,319.0
4854,Kenya,2018,27.03,75.66,6.34481849808483,32.61632539,17.68,26.28,292.0
5117,Kenya,2019,27.507,86.07,6.34481849808483,39.57313559,20.91,30.56,267.0
