,country,year,c_dollar2_poverty,c_forest_area,c_health_expenditure,c_out_of_pocket,c_physician,c_tuberculosis,c_urban_pop
126,Kuwait,2000,99.0,429.56,0.272166105499439,311.62489638,109.51,117.94,30.0
389,Kuwait,2001,99.908,558.32,0.280022446689113,440.4480102,109.69,117.88,29.0
652,Kuwait,2002,100.0,581.98,0.287878787878788,446.97794479,125.36,135.0,33.0
915,Kuwait,2003,100.0,628.85,0.295735129068462,483.54313765,130.93,145.3,31.0
1178,Kuwait,2004,100.0,650.58,0.303591470258137,496.16256878,140.24,154.42,30.0
1441,Kuwait,2005,100.0,727.7,0.311447811447811,554.58738522,156.26,173.12,27.0
1704,Kuwait,2006,100.0,782.64,0.319304152637486,598.91654376,166.23,183.73,31.0
1967,Kuwait,2007,100.0,881.1,0.327160493827161,673.37232344,188.08,207.73,30.0
2230,Kuwait,2008,100.0,,0.335016835016835,835.32439071,211.89,234.34,38.0
2493,Kuwait,2009,100.0,,0.34287317620651,836.94781108,171.53,188.93,38.0
2756,Kuwait,2010,100.0,,0.350729517396184,884.46297542,150.55,165.96,37.0
3019,Kuwait,2011,100.0,,0.350729517396184,965.64272139,160.21,177.5,25.0
3282,Kuwait,2012,100.0,,0.350729517396184,998.37215284,178.89,197.83,25.0
3545,Kuwait,2013,100.0,,0.350729517396184,997.78164307,172.13,190.5,22.0
3808,Kuwait,2014,100.0,,0.350729517396184,1066.55957273,175.63,194.32,22.0
4071,Kuwait,2015,100.0,,0.350729517396184,1048.53656632,169.22,187.08,22.0
4334,Kuwait,2016,100.0,,0.350729517396184,1090.8807022,169.83,187.75,24.0
4597,Kuwait,2017,100.0,,0.350729517396184,1166.91642543,175.99,194.57,27.0
4860,Kuwait,2018,100.0,,0.350729517396184,1465.47848716,176.85,195.51,22.0
5123,Kuwait,2019,100.0,,0.350729517396184,1448.77576374,176.2,194.79,20.0
