,country,year,c_dollar2_poverty,c_forest_area,c_health_expenditure,c_out_of_pocket,c_physician,c_tuberculosis,c_urban_pop
128,Lao PDR,2000,21.977,14.1,75.498266897747,4.06797857,6.32,8.65,330.0
391,Lao PDR,2001,22.993,14.47,75.2883448873484,4.48464835,6.36,7.02,317.0
654,Lao PDR,2002,24.044,12.92,75.0784228769497,3.5587916,6.42,7.34,305.0
917,Lao PDR,2003,25.126,17.62,74.8685008665511,4.31204734,9.65,10.86,293.0
1180,Lao PDR,2004,26.242,16.27,74.6585788561525,3.64999202,7.69,8.98,282.0
1443,Lao PDR,2005,27.186,17.38,74.4486568457539,4.72276907,7.6,9.14,270.0
1706,Lao PDR,2006,27.748,19.28,74.2387348353553,4.22306841,7.92,9.69,260.0
1969,Lao PDR,2007,28.316,24.81,74.0288128249567,4.48776899,8.66,14.48,249.0
2232,Lao PDR,2008,28.893,26.81,73.8188908145581,4.97258651,8.41,15.94,240.0
2495,Lao PDR,2009,29.475,35.78,73.6089688041594,11.84794063,9.62,16.92,230.0
2758,Lao PDR,2010,30.064,34.58,73.3990467937608,7.17000096,12.44,21.63,221.0
3021,Lao PDR,2011,30.66,27.16,73.2495667244367,5.12546815,14.29,14.54,213.0
3284,Lao PDR,2012,31.264,32.52,73.1000866551126,6.83878888,15.81,16.89,204.0
3547,Lao PDR,2013,31.872,43.57,72.9506065857886,12.93796531,21.22,22.35,197.0
3810,Lao PDR,2014,32.487,45.61,72.8011265164645,13.56874212,23.21,24.39,189.0
4073,Lao PDR,2015,33.108,52.15,72.6516464471404,18.36205103,23.66,24.94,182.0
4336,Lao PDR,2016,33.736,54.51,72.5021663778163,17.66305954,25.32,26.97,175.0
4599,Lao PDR,2017,34.368,61.6,72.3526863084922,21.67594866,28.48,29.65,168.0
4862,Lao PDR,2018,35.004,57.36,72.2032062391681,22.19453928,27.84,28.02,162.0
5125,Lao PDR,2019,35.645,67.82,72.053726169844,25.04767076,28.37,28.39,155.0
