,country,year,c_dollar2_poverty,c_forest_area,c_health_expenditure,c_out_of_pocket,c_physician,c_tuberculosis,c_urban_pop
129,Lebanon,2000,86.0,426.56,13.5073313782991,127.19714195,246.51,298.95,15.0
392,Lebanon,2001,86.118,417.78,13.4992179863148,136.56237253,229.12,280.23,14.0
655,Lebanon,2002,86.24,393.22,13.4911045943304,129.1995951,212.8,262.9,11.0
918,Lebanon,2003,86.366,375.08,13.482991202346,127.15333741,196.86,246.17,9.7
1181,Lebanon,2004,86.494,369.98,13.4748778103617,137.34896958,180.85,229.47,9.9
1444,Lebanon,2005,86.627,349.5,13.4667644183773,134.25501739,165.4,213.59,9.7
1707,Lebanon,2006,86.762,404.1,13.458651026393,165.7169946,180.59,234.79,9.1
1970,Lebanon,2007,86.901,441.86,13.4505376344086,181.34615763,194.77,255.6,11.0
2233,Lebanon,2008,87.042,465.75,13.4424242424242,183.22611597,208.93,277.41,12.0
2496,Lebanon,2009,87.187,501.01,13.4343108504399,191.38350079,223.3,300.66,12.0
2759,Lebanon,2010,87.334,572.42,13.4261974584555,230.73953609,249.49,337.27,12.0
3022,Lebanon,2011,87.484,647.17,13.4844574780059,282.90535898,260.08,359.62,11.0
3285,Lebanon,2012,87.636,595.37,13.5427174975562,258.99176607,222.28,333.4,14.0
3548,Lebanon,2013,87.79,583.48,13.6009775171065,257.62281878,215.62,319.85,14.0
3811,Lebanon,2014,87.947,576.65,13.6592375366569,273.79153534,205.13,297.73,12.0
4074,Lebanon,2015,88.106,578.65,13.7174975562072,259.13645464,189.2,300.64,12.0
4337,Lebanon,2016,88.266,647.57,13.7761485826002,300.11073043,207.06,330.78,12.0
4600,Lebanon,2017,88.429,677.37,13.8347996089932,314.74216149,223.98,345.7,12.0
4863,Lebanon,2018,88.593,745.15,13.8934506353861,344.54841174,262.85,392.93,13.0
5126,Lebanon,2019,88.758,731.67,13.9521016617791,328.04669495,265.33,396.64,15.0
