,country,year,c_dollar2_poverty,c_forest_area,c_health_expenditure,c_out_of_pocket,c_physician,c_tuberculosis,c_urban_pop
140,Lesotho,2000,19.548,23.77,1.13702239789196,13.41009364,9.44,9.44,827.0
403,Lesotho,2001,20.067,28.24,1.13702239789196,15.45269675,8.02,10.87,923.0
666,Lesotho,2002,20.597,23.89,1.13702239789196,12.5857884,6.98,8.77,1010.0
929,Lesotho,2003,21.137,31.89,1.13702239789196,18.77789023,10.35,10.35,1080.0
1192,Lesotho,2004,21.689,40.89,1.13702239789196,23.320426,12.88,12.88,1150.0
1455,Lesotho,2005,22.249,41.15,1.13702239789196,19.86001904,14.15,14.15,1200.0
1718,Lesotho,2006,22.82,48.88,1.13702239789196,27.57168813,14.68,14.68,1230.0
1981,Lesotho,2007,23.304,65.32,1.13702239789196,41.62603186,16.11,16.11,1230.0
2244,Lesotho,2008,23.796,68.39,1.13702239789196,38.80357603,15.3,15.3,1240.0
2507,Lesotho,2009,24.293,80.08,1.13702239789196,43.30342186,16.11,16.11,1230.0
2770,Lesotho,2010,24.798,95.66,1.13702239789196,53.99472946,19.67,22.37,1180.0
3033,Lesotho,2011,25.31,122.88,1.13702239789196,69.45136154,21.62,22.3,1120.0
3296,Lesotho,2012,25.704,114.65,1.13702239789196,59.96939057,20.72,21.37,1040.0
3559,Lesotho,2013,26.101,112.77,1.13702239789196,55.16456906,17.89,18.45,948.0
3822,Lesotho,2014,26.502,109.92,1.13702239789196,59.69008333,16.81,17.34,853.0
4085,Lesotho,2015,26.908,100.83,1.13702239789196,59.78856216,15.97,16.47,780.0
4348,Lesotho,2016,27.317,86.0,1.13702239789196,50.23356923,14.2,14.65,721.0
4611,Lesotho,2017,27.73,108.04,1.13702239789196,58.91096091,17.82,18.32,681.0
4874,Lesotho,2018,28.153,122.03,1.13702239789196,58.31049059,17.43,17.93,659.0
5137,Lesotho,2019,28.585,120.55,1.13702239789196,53.01961923,16.91,17.4,654.0
