,country,year,c_dollar2_poverty,c_forest_area,c_health_expenditure,c_out_of_pocket,c_physician,c_tuberculosis,c_urban_pop
143,Luxembourg,2000,84.216,,33.6769652665025,2415.3285072,413.45,486.1,12.0
406,Luxembourg,2001,84.843,,33.7546514608889,2612.06958584,424.64,495.79,8.1
669,Luxembourg,2002,85.299,,33.8323376552753,3022.50954099,499.14,577.3,8.0
932,Luxembourg,2003,85.743,,33.9100238496617,3862.39761425,610.72,743.11,14.0
1195,Luxembourg,2004,86.177,,33.9877100440481,4741.40321386,716.77,869.95,7.8
1458,Luxembourg,2005,86.598,,34.0653962384345,4895.90160589,752.18,922.47,9.2
1721,Luxembourg,2006,87.009,,34.1430824328209,5087.1007843,812.04,985.18,8.0
1984,Luxembourg,2007,87.409,,34.2207686272073,5695.17023981,687.64,976.93,9.3
2247,Luxembourg,2008,87.8,,34.2984548215937,6642.85749913,762.54,936.32,6.6
2510,Luxembourg,2009,88.178,,34.37614101598,6651.78027984,759.03,,6.2
2773,Luxembourg,2010,88.547,,34.4538272103664,6409.65582571,763.28,,6.6
3036,Luxembourg,2011,88.906,,34.4538272103664,6049.91294271,780.66,,5.5
3299,Luxembourg,2012,89.249,,34.4538272103664,5042.71027031,692.64,894.73,9.8
3562,Luxembourg,2013,89.574,,34.4538272103664,5330.71484286,713.2,932.95,8.0
3825,Luxembourg,2014,89.884,,34.4538272103664,5516.71684372,727.27,938.83,5.0
4088,Luxembourg,2015,90.179,,34.4538272103664,4581.85298213,582.98,765.02,6.1
4351,Luxembourg,2016,90.46,,34.4538272103664,4623.00433733,589.92,779.86,5.7
4614,Luxembourg,2017,90.727,,34.4538272103664,4843.67836174,610.91,790.59,6.2
4877,Luxembourg,2018,90.981,,34.4538272103664,5288.11180257,652.23,851.03,7.9
5140,Luxembourg,2019,91.223,,34.4538272103664,5342.75177989,598.59,796.15,8.9
