,country,year,c_dollar2_poverty,c_forest_area,c_health_expenditure,c_out_of_pocket,c_physician,c_tuberculosis,c_urban_pop
149,Madagascar,2000,27.121,12.76,22.4071774942394,5.04672895,4.94,5.93,293.0
412,Madagascar,2001,27.391,15.48,22.3265828661829,6.11631122,5.19,6.29,286.0
675,Madagascar,2002,27.663,15.46,22.2459882381264,5.56419358,5.76,6.86,280.0
938,Madagascar,2003,27.936,17.07,22.1653936100698,7.6864758,6.21,7.46,273.0
1201,Madagascar,2004,28.211,14.58,22.0847989820133,6.08163502,4.46,5.41,268.0
1464,Madagascar,2005,28.814,16.22,22.0042043539567,6.04616439,5.37,6.41,262.0
1727,Madagascar,2006,29.425,16.78,21.9236097259002,6.21892609,5.31,6.44,257.0
1990,Madagascar,2007,30.043,19.23,21.8430150978437,8.05686206,6.44,7.88,252.0
2253,Madagascar,2008,30.67,21.47,21.7624204697871,7.28900039,7.94,9.81,248.0
2516,Madagascar,2009,31.301,20.11,21.6818258417306,5.62922096,7.52,9.22,244.0
2779,Madagascar,2010,31.938,21.37,21.601231213674,8.58037281,7.8,9.38,241.0
3042,Madagascar,2011,32.58,22.94,21.5690440791,8.67432045,6.54,8.16,238.0
3305,Madagascar,2012,33.227,19.27,21.5463247363762,7.51114264,6.41,7.98,236.0
3568,Madagascar,2013,33.878,19.69,21.5234204193881,6.86937823,7.03,8.81,233.0
3831,Madagascar,2014,34.534,22.9,21.5007012719147,9.04027645,6.5,8.1,233.0
4094,Madagascar,2015,35.193,22.66,21.4779821244414,9.06769998,5.74,7.15,233.0
4357,Madagascar,2016,35.856,24.42,21.4552767273977,11.020446,5.71,6.95,233.0
4620,Madagascar,2017,36.522,24.39,21.4325541423169,11.30932675,6.2,7.54,233.0
4883,Madagascar,2018,37.191,21.89,21.4098315572362,7.70671249,6.35,7.72,233.0
5146,Madagascar,2019,37.861,19.35,21.3871261601925,6.25801546,6.24,7.6,233.0
