,country,year,c_dollar2_poverty,c_forest_area,c_health_expenditure,c_out_of_pocket,c_physician,c_tuberculosis,c_urban_pop
150,Maldives,2000,27.706,219.48,2.73333333333333,72.74965597,138.26,146.73,59.0
413,Maldives,2001,28.859,229.36,2.73333333333333,74.77032377,131.8,154.34,61.0
676,Maldives,2002,30.042,248.91,2.73333333333333,72.24898835,129.14,174.41,53.0
939,Maldives,2003,31.252,239.95,2.73333333333333,76.04180047,129.11,161.95,57.0
1202,Maldives,2004,32.49,303.87,2.73333333333333,93.83755274,180.8,208.6,48.0
1465,Maldives,2005,33.75,334.49,2.73333333333333,112.44759912,186.18,220.02,48.0
1728,Maldives,2006,34.794,403.24,2.73333333333333,148.29810801,201.3,251.62,38.0
1991,Maldives,2007,35.2,477.29,2.73333333333333,224.95893566,225.4,251.24,47.0
2254,Maldives,2008,35.61,773.51,2.73333333333333,431.38662764,256.03,336.16,44.0
2517,Maldives,2009,36.021,678.18,2.73333333333333,391.32425074,232.73,283.77,35.0
2780,Maldives,2010,36.434,607.55,2.73333333333333,321.76804977,243.51,283.71,32.0
3043,Maldives,2011,36.849,587.0,2.73333333333333,272.4421135,232.97,310.53,29.0
3306,Maldives,2012,37.267,645.91,2.73333333333333,313.46142093,207.91,325.67,35.0
3569,Maldives,2013,37.685,670.55,2.73333333333333,353.54752535,216.52,311.03,34.0
3832,Maldives,2014,38.106,702.09,2.73333333333333,435.12268132,197.41,262.62,36.0
4095,Maldives,2015,38.529,823.19,2.73333333333333,591.1554294,160.13,228.46,42.0
4358,Maldives,2016,38.954,993.47,2.73333333333333,715.87904712,188.11,272.91,44.0
4621,Maldives,2017,39.38,932.76,2.73333333333333,664.51847817,192.01,264.71,34.0
4884,Maldives,2018,39.808,804.87,2.73333333333333,622.04568694,159.2,173.34,33.0
5147,Maldives,2019,40.238,851.51,2.73333333333333,667.07582801,148.7,163.65,36.0
