,country,year,c_dollar2_poverty,c_forest_area,c_health_expenditure,c_out_of_pocket,c_physician,c_tuberculosis,c_urban_pop
166,Malawi,2000,14.61,7.42,32.6866779804837,3.84930734,0.81,0.96,386.0
429,Malawi,2001,14.698,6.15,32.2411964361476,3.03968586,0.77,0.91,395.0
692,Malawi,2002,14.786,11.2,31.7957148918116,4.07182317,1.66,1.97,401.0
955,Malawi,2003,14.875,12.41,31.3502333474756,4.39269062,1.5,2.32,403.0
1218,Malawi,2004,14.964,16.06,30.9047518031396,3.38260813,1.56,2.07,402.0
1481,Malawi,2005,15.054,17.35,30.4592702588036,4.24831897,1.58,2.27,398.0
1744,Malawi,2006,15.144,21.08,30.0137887144675,4.04959945,1.88,3.83,392.0
2007,Malawi,2007,15.235,25.17,29.5683071701315,3.39739039,2.95,5.34,383.0
2270,Malawi,2008,15.326,32.94,29.1228256257955,7.37625698,3.42,6.73,371.0
2533,Malawi,2009,15.429,35.81,28.6773440814595,6.43617287,4.02,7.13,356.0
2796,Malawi,2010,15.544,34.24,28.2318625371235,7.53642335,3.74,5.21,338.0
3059,Malawi,2011,15.672,39.6,27.7863809927874,8.57451204,3.55,5.52,316.0
3322,Malawi,2012,15.812,32.81,27.3408994484514,5.21026735,3.36,4.37,291.0
3585,Malawi,2013,15.966,39.88,26.8954179041154,7.18664858,2.67,5.47,261.0
3848,Malawi,2014,16.132,35.65,26.4499363597794,8.1034839,2.92,5.07,228.0
4111,Malawi,2015,16.313,35.28,26.0044548154434,10.10650545,3.87,6.3,197.0
4374,Malawi,2016,16.506,34.33,25.5589732711073,8.48989701,4.26,7.4,176.0
4637,Malawi,2017,16.714,37.93,25.1134917267713,8.59882942,4.82,6.63,162.0
4900,Malawi,2018,16.937,36.98,24.6680101824353,9.03685351,4.74,6.7,153.0
5163,Malawi,2019,17.174,30.02,24.2225286380993,9.78297598,5.06,7.16,146.0
