,country,year,c_dollar2_poverty,c_forest_area,c_health_expenditure,c_out_of_pocket,c_physician,c_tuberculosis,c_urban_pop
157,Malta,2000,92.368,647.1,1.09375,464.58569134,170.66,180.15,4.6
420,Malta,2001,92.641,685.98,1.09375,471.04235186,203.51,212.66,4.6
683,Malta,2002,92.905,830.65,1.09375,584.79408547,238.69,245.85,6.8
946,Malta,2003,93.16,,1.09375,750.16026833,309.73,326.77,2.0
1209,Malta,2004,93.407,,1.09375,851.10897808,344.79,372.75,5.1
1472,Malta,2005,93.645,,1.09375,953.74293433,398.16,425.94,6.2
1735,Malta,2006,93.784,,1.09375,1009.83597931,436.77,467.75,8.4
1998,Malta,2007,93.857,,1.09375,1066.33174096,496.05,529.79,11.0
2261,Malta,2008,93.929,,1.09375,1133.95119434,577.74,617.21,13.0
2524,Malta,2009,94.001,,1.09375,1088.93284222,544.47,588.43,12.0
2787,Malta,2010,94.072,,1.09375,1119.52787199,572.56,614.14,8.0
3050,Malta,2011,94.141,,1.09375,1263.15046516,650.0,696.91,8.1
3313,Malta,2012,94.211,,1.09375,1246.24567797,609.28,652.36,11.0
3576,Malta,2013,94.279,,1.09375,1432.90885625,641.04,685.03,13.0
3839,Malta,2014,94.347,,1.09375,1513.52882396,895.57,942.67,12.0
4102,Malta,2015,94.414,,1.09375,1364.75106157,834.49,878.43,8.1
4365,Malta,2016,94.48,,1.1875,1462.9821721,815.59,858.17,12.0
4628,Malta,2017,94.546,,1.3125,1604.95290258,898.83,946.76,10.0
4891,Malta,2018,94.612,,1.4375,1747.86846899,944.33,,13.0
