,country,year,c_dollar2_poverty,c_forest_area,c_health_expenditure,c_out_of_pocket,c_physician,c_tuberculosis,c_urban_pop
167,Malaysia,2000,61.977,111.95,59.9341043981129,52.23210881,45.57,59.72,75.0
430,Malaysia,2001,62.922,114.84,59.7077461573581,58.00853136,40.99,56.83,72.0
693,Malaysia,2002,63.856,121.41,59.4813879166033,62.17996766,42.06,59.23,68.0
956,Malaysia,2003,64.78,141.87,59.2550296758484,73.68775486,48.94,68.18,73.0
1219,Malaysia,2004,65.694,153.4,59.0286714350936,78.13616455,55.39,75.26,68.0
1482,Malaysia,2005,66.594,161.63,58.8023131943388,79.03670305,61.49,82.59,69.0
1745,Malaysia,2006,67.483,199.86,58.5759549535839,107.66706485,69.41,92.19,70.0
2008,Malaysia,2007,68.36,229.76,58.3495967128291,121.58176542,80.7,108.17,69.0
2271,Malaysia,2008,69.225,262.78,58.1232384720743,139.59130431,93.38,123.18,72.0
2534,Malaysia,2009,70.075,244.84,57.8968802313194,136.01881973,78.82,108.82,72.0
2797,Malaysia,2010,70.912,285.03,57.6705219905646,151.22537812,97.24,133.8,75.0
3060,Malaysia,2011,71.609,343.2,57.9849764115051,182.73689931,116.73,160.46,80.0
3323,Malaysia,2012,72.275,371.79,58.2994308324456,200.51314619,122.83,171.28,86.0
3586,Malaysia,2013,72.93,382.19,58.6138852533861,206.022876,128.68,176.17,91.0
3849,Malaysia,2014,73.577,415.65,58.9283396743266,227.50918242,137.35,188.14,93.0
4112,Malaysia,2015,74.213,370.72,59.2427940952671,197.23848328,124.96,173.48,90.0
4375,Malaysia,2016,74.84,353.64,58.7875209252777,180.47786231,127.13,173.16,94.0
4638,Malaysia,2017,75.447,370.72,58.6348805356871,191.82856802,133.22,178.89,94.0
4901,Malaysia,2018,76.036,416.32,58.4822401460965,213.39262372,152.54,202.93,92.0
5164,Malaysia,2019,76.607,427.46,58.3295997565059,223.71067389,154.15,203.75,92.0
