,country,year,c_dollar2_poverty,c_forest_area,c_health_expenditure,c_out_of_pocket,c_physician,c_tuberculosis,c_urban_pop
156,Mali,2000,28.356,14.4,10.896663634352,3.40747375,9.91,10.16,77.0
419,Mali,2001,29.075,13.53,10.896663634352,3.15582232,9.17,9.45,76.0
682,Mali,2002,29.806,16.34,10.896663634352,3.62867146,10.09,10.39,74.0
945,Mali,2003,30.547,19.29,10.896663634352,5.39471576,11.81,12.17,73.0
1208,Mali,2004,31.3,22.32,10.896663634352,6.79427359,12.41,12.82,71.0
1471,Mali,2005,32.06,24.62,10.896663634352,6.62269295,14.04,14.51,69.0
1734,Mali,2006,32.832,27.66,10.896663634352,6.20488669,15.69,16.18,68.0
1997,Mali,2007,33.612,30.43,10.896663634352,5.77354394,18.67,19.22,66.0
2260,Mali,2008,34.403,34.1,10.896663634352,4.84213084,21.56,22.22,65.0
2523,Mali,2009,35.2,35.57,10.896663634352,4.54361179,22.0,22.65,64.0
2786,Mali,2010,35.999,32.2,10.896663634352,4.60442785,18.12,18.79,63.0
3049,Mali,2011,36.799,32.53,10.896663634352,4.89968423,16.26,17.04,62.0
3312,Mali,2012,37.599,28.27,10.896663634352,3.11544735,12.65,13.37,61.0
3575,Mali,2013,38.398,30.87,10.896663634352,6.35372494,10.76,11.52,60.0
3838,Mali,2014,39.196,36.68,10.896663634352,7.29846171,12.31,13.12,58.0
4101,Mali,2015,39.991,29.75,10.896663634352,6.6510194,10.16,10.81,57.0
4364,Mali,2016,40.783,28.31,10.896663634352,9.06640071,10.12,10.68,56.0
4627,Mali,2017,41.572,29.23,10.896663634352,9.36910677,10.96,11.5,55.0
4890,Mali,2018,42.356,31.96,10.896663634352,9.85823548,10.41,10.92,53.0
5153,Mali,2019,43.136,32.61,10.896663634352,11.02551835,10.1,10.6,52.0
