,country,year,c_dollar2_poverty,c_forest_area,c_health_expenditure,c_out_of_pocket,c_physician,c_tuberculosis,c_urban_pop
152,Mexico,2000,74.722,321.8,35.1764963090614,145.51016734,168.06,176.29,23.0
415,Mexico,2001,75.045,366.98,35.1025211553795,160.58203374,196.07,206.4,24.0
678,Mexico,2002,75.365,388.03,35.0285460016976,165.64705387,210.93,222.38,22.0
941,Mexico,2003,75.682,414.04,34.9545708480156,171.86464799,230.47,242.18,23.0
1204,Mexico,2004,75.997,448.06,34.8805956943337,194.71793369,240.58,253.34,18.0
1467,Mexico,2005,76.308,485.67,34.8066205406518,205.13186629,265.13,280.54,22.0
1730,Mexico,2006,76.616,516.06,34.7326453869698,221.01515966,277.46,295.05,21.0
1993,Mexico,2007,76.92,560.49,34.6586702332879,245.59919272,294.24,314.9,21.0
2256,Mexico,2008,77.222,576.72,34.584695079606,264.79068981,280.26,311.92,21.0
2519,Mexico,2009,77.52,496.81,34.510719925924,231.85562369,235.26,264.96,21.0
2782,Mexico,2010,77.815,539.27,34.4367447722421,270.81239521,234.63,268.45,22.0
3045,Mexico,2011,78.111,570.73,34.3737390364979,301.36783265,232.48,269.36,21.0
3308,Mexico,2012,78.405,587.83,34.3107333007536,312.03182498,238.9,275.8,22.0
3571,Mexico,2013,78.699,631.21,34.2477275650094,339.28453398,251.72,291.93,22.0
3834,Mexico,2014,78.993,615.1,34.1847218292652,320.35615715,251.41,294.75,22.0
4097,Mexico,2015,79.285,558.17,34.1217160935209,291.36754748,229.09,266.8,22.0
4360,Mexico,2016,79.577,492.87,34.0559942385349,252.74440217,203.91,240.13,22.0
4623,Mexico,2017,79.867,514.89,33.9902672393837,260.20141038,215.16,254.69,23.0
4886,Mexico,2018,80.156,530.65,33.9245402402325,263.35166736,224.51,267.3,23.0
5149,Mexico,2019,80.444,552.7,33.8588183852465,271.7497201,233.7,280.95,23.0
