,country,year,c_dollar2_poverty,c_forest_area,c_health_expenditure,c_out_of_pocket,c_physician,c_tuberculosis,c_urban_pop
147,Monaco,2000,100.0,,0.0,1115.84930475,97.77,278.43,0.0
410,Monaco,2001,100.0,,0.0,1147.22245349,99.34,285.08,0.0
673,Monaco,2002,100.0,,0.0,1268.00887016,107.75,313.04,0.0
936,Monaco,2003,100.0,,0.0,1840.48953323,133.65,431.63,0.61
1199,Monaco,2004,100.0,,0.0,2166.90425991,153.49,504.32,0.72
1462,Monaco,2005,100.0,,0.0,2243.54903643,160.8,524.04,0.83
1725,Monaco,2006,100.0,,0.0,2337.19563688,175.52,553.92,0.93
1988,Monaco,2007,100.0,,0.0,2643.70419789,225.58,653.61,1.0
2251,Monaco,2008,100.0,,0.0,3150.95358533,250.28,760.43,1.1
2514,Monaco,2009,100.0,,0.0,3115.4802426,210.65,715.07,1.2
2777,Monaco,2010,100.0,,0.0,3068.00878263,202.24,698.97,3.5
3040,Monaco,2011,100.0,,0.0,3167.42401371,222.65,735.47,1.3
3303,Monaco,2012,100.0,,0.0,3007.06489239,204.72,691.58,1.3
3566,Monaco,2013,100.0,,0.0,3226.32464051,228.49,750.84,1.3
3829,Monaco,2014,100.0,,0.0,3305.04742382,240.03,775.13,0.0
4092,Monaco,2015,100.0,,0.0,2793.55831824,208.03,660.32,0.0
4355,Monaco,2016,100.0,,0.0,2428.93678632,214.04,410.95,6.2
4618,Monaco,2017,100.0,,0.0,2447.43836534,211.86,404.53,0.0
4881,Monaco,2018,100.0,,0.0,2658.09922758,236.65,443.26,3.1
5144,Monaco,2019,100.0,,0.0,2597.59450903,241.62,457.84,0.0
