,country,year,c_dollar2_poverty,c_forest_area,c_health_expenditure,c_out_of_pocket,c_physician,c_tuberculosis,c_urban_pop
161,Mongolia,2000,57.133,26.42,9.21774776141672,19.62353503,5.22,6.5,428.0
424,Mongolia,2001,58.222,25.92,9.21257792833521,17.9502702,5.8,7.03,428.0
687,Mongolia,2002,59.304,29.05,9.20740675053234,19.97349406,6.45,7.66,428.0
950,Mongolia,2003,60.378,26.01,9.1593411587666,17.66605237,6.52,7.33,428.0
1213,Mongolia,2004,61.443,32.63,9.15562080463703,20.8479574,8.33,9.65,428.0
1476,Mongolia,2005,62.494,37.03,9.15047384615134,22.408774,12.0,13.19,428.0
1739,Mongolia,2006,63.535,49.6,9.12762336031384,32.95147846,12.67,14.54,428.0
2002,Mongolia,2007,64.564,66.24,9.12248678880711,46.83931378,15.42,17.56,428.0
2265,Mongolia,2008,65.581,97.29,9.11731512861835,68.70681628,20.84,22.89,428.0
2528,Mongolia,2009,66.58,76.66,9.11217830189963,53.31640876,17.45,18.98,428.0
2791,Mongolia,2010,67.567,99.48,9.10805179300629,65.03988187,27.91,30.12,428.0
3054,Mongolia,2011,67.963,136.05,9.1075731369755,80.87988978,43.54,46.77,428.0
3317,Mongolia,2012,68.03,169.84,9.10685778009617,103.23864999,53.52,56.8,428.0
3580,Mongolia,2013,68.097,180.84,9.10613594411107,101.03916673,67.09,70.57,428.0
3843,Mongolia,2014,68.163,177.32,9.10542135370957,101.33734023,61.49,65.29,428.0
4106,Mongolia,2015,68.23,165.85,9.10469149761818,94.41578775,60.33,64.05,428.0
4369,Mongolia,2016,68.297,157.36,9.10397870509873,92.6475267,52.2,55.46,428.0
4632,Mongolia,2017,68.363,146.24,9.10326591257927,91.30783329,47.52,50.74,428.0
4895,Mongolia,2018,68.445,158.25,9.10255545816196,92.0482432,54.12,57.64,428.0
5158,Mongolia,2019,68.543,182.87,9.10182513109581,108.57561381,56.62,60.31,428.0
