,country,year,c_dollar2_poverty,c_forest_area,c_health_expenditure,c_out_of_pocket,c_physician,c_tuberculosis,c_urban_pop
146,Morocco,2000,53.335,54.39,12.3382030024647,13.79175097,29.3,40.38,115.0
409,Morocco,2001,53.662,56.33,12.3758525655389,14.80139731,30.0,41.27,112.0
672,Morocco,2002,53.99,63.35,12.413502128613,16.86726559,34.11,45.99,116.0
935,Morocco,2003,54.317,77.51,12.4511516916872,18.95620536,43.57,57.71,103.0
1198,Morocco,2004,54.644,90.93,12.4888012547614,21.71889191,52.17,67.99,99.0
1461,Morocco,2005,55.174,96.96,12.5264508178355,24.44344224,57.84,71.9,99.0
1724,Morocco,2006,55.746,110.0,12.5641003809097,40.56130493,64.63,69.12,97.0
1987,Morocco,2007,56.317,131.67,12.6017499439839,49.47194292,75.29,80.52,94.0
2250,Morocco,2008,56.886,153.1,12.639399507058,59.73667168,86.37,92.16,98.0
2513,Morocco,2009,57.452,165.44,12.6770490701322,66.7112405,90.16,96.02,99.0
2776,Morocco,2010,58.018,168.38,12.7146986332064,67.19021876,93.64,100.42,101.0
3039,Morocco,2011,58.581,179.05,12.7192336993054,75.17244069,97.12,102.7,100.0
3302,Morocco,2012,59.142,172.06,12.7237687654044,74.34884795,90.75,96.09,99.0
3565,Morocco,2013,59.7,179.73,12.7283038315035,79.57817524,92.86,99.58,99.0
3828,Morocco,2014,60.256,188.4,12.7328388976025,72.97199573,92.61,113.51,101.0
4091,Morocco,2015,60.809,162.51,12.7373739637015,63.10687269,79.56,97.63,102.0
4354,Morocco,2016,61.36,161.83,12.7712077078199,63.72606971,79.05,97.6,103.0
4617,Morocco,2017,61.908,166.47,12.7976473224289,66.10082361,79.85,99.88,100.0
4880,Morocco,2018,62.453,175.28,12.8200537754873,70.44567923,82.35,104.51,99.0
5143,Morocco,2019,62.994,177.25,12.8435805511987,71.85365755,81.73,104.09,97.0
