,country,year,c_dollar2_poverty,c_forest_area,c_health_expenditure,c_out_of_pocket,c_physician,c_tuberculosis,c_urban_pop
163,Mozambique,2000,29.098,7.07,52.3767135481574,3.62494935,2.69,2.76,336.0
426,Mozambique,2001,29.277,8.61,52.0949337470434,4.0679316,2.25,2.31,338.0
689,Mozambique,2002,29.457,10.06,51.8131539459295,3.74311497,2.75,2.82,339.0
952,Mozambique,2003,29.637,11.15,51.5313741448155,4.03303625,2.37,2.44,339.0
1215,Mozambique,2004,29.818,14.23,51.2495943437015,4.5230905,2.22,2.3,341.0
1478,Mozambique,2005,29.999,18.49,50.9678145425876,6.25764937,2.28,2.39,342.0
1741,Mozambique,2006,30.182,18.1,50.6860347414736,5.23940755,2.31,2.42,345.0
2004,Mozambique,2007,30.364,19.3,50.4042549403596,5.95518208,2.32,2.53,348.0
2267,Mozambique,2008,30.832,24.36,50.1224751392457,7.13898094,2.65,2.97,351.0
2530,Mozambique,2009,31.328,27.63,49.8406953381317,6.97239888,2.28,2.65,354.0
2793,Mozambique,2010,31.83,26.18,49.5589155370177,6.15116947,1.86,2.22,357.0
3056,Mozambique,2011,32.336,30.28,49.2964114041557,7.72458524,2.03,2.53,359.0
3319,Mozambique,2012,32.846,35.03,49.0339072712938,8.42003869,1.95,6.16,361.0
3582,Mozambique,2013,33.36,41.18,48.7714031384318,10.20762725,3.3,6.85,361.0
3845,Mozambique,2014,33.878,43.08,48.5088990055698,11.84389219,4.49,7.99,361.0
4108,Mozambique,2015,34.4,39.91,48.2463948727078,10.78832387,4.49,7.3,361.0
4371,Mozambique,2016,34.926,31.38,47.8500089015489,7.50873521,3.31,5.34,361.0
4634,Mozambique,2017,35.455,36.26,47.5680968488517,8.06376819,3.51,5.69,361.0
4897,Mozambique,2018,35.988,40.81,47.3361072255144,9.11716322,3.88,6.26,361.0
5160,Mozambique,2019,36.528,40.41,47.0079478114906,9.35331264,3.85,6.25,361.0
