,country,year,c_dollar2_poverty,c_forest_area,c_health_expenditure,c_out_of_pocket,c_physician,c_tuberculosis,c_urban_pop
169,Namibia,2000,32.373,207.09,9.78887633762101,104.22499231,13.84,92.15,985.0
432,Namibia,2001,32.898,182.14,9.70262556328876,94.55888846,11.54,76.9,1100.0
695,Namibia,2002,33.766,173.25,9.6163747889565,91.98346994,11.69,71.1,1190.0
958,Namibia,2003,34.709,254.34,9.53012401462425,135.8142313,16.79,102.83,1240.0
1221,Namibia,2004,35.666,347.05,9.443873240292,169.65049936,22.07,128.91,1260.0
1484,Namibia,2005,36.632,375.99,9.35762246595975,167.72772229,23.58,130.48,1250.0
1747,Namibia,2006,37.61,407.5,9.2713716916275,167.39613057,23.01,141.71,1210.0
2010,Namibia,2007,38.598,465.08,9.18512091729524,203.49751053,26.98,170.05,1140.0
2273,Namibia,2008,39.597,413.37,9.09887014296299,172.18558217,28.52,151.7,1060.0
2536,Namibia,2009,40.601,386.2,9.01261936863074,147.56035934,32.79,163.44,974.0
2799,Namibia,2010,41.616,522.16,8.92636859429849,214.04525602,48.44,233.68,892.0
3062,Namibia,2011,42.637,569.14,8.84011952046059,236.88011933,58.64,270.23,815.0
3325,Namibia,2012,43.693,557.59,8.7538704466227,232.8974269,60.82,280.46,754.0
3588,Namibia,2013,44.756,495.2,8.6676213727848,228.42119733,48.96,234.89,710.0
3851,Namibia,2014,45.826,466.2,8.58137229894691,215.31113345,42.13,222.8,674.0
4114,Namibia,2015,46.9,495.63,8.49512322510901,209.18863945,36.33,258.13,639.0
4377,Namibia,2016,47.961,430.22,8.40887172199347,201.75256066,33.18,198.47,604.0
4640,Namibia,2017,49.005,475.58,8.32262021887792,221.16296119,37.07,222.2,565.0
4903,Namibia,2018,50.032,472.99,8.23636871576237,220.09914492,38.17,230.81,524.0
5166,Namibia,2019,51.042,431.82,8.15011721264682,204.30330752,34.26,207.25,486.0
