,country,year,c_dollar2_poverty,c_forest_area,c_health_expenditure,c_out_of_pocket,c_physician,c_tuberculosis,c_urban_pop
174,Netherlands,2000,76.795,,10.6486966824645,1397.5332305,223.74,627.91,9.0
437,Netherlands,2001,77.83,,10.6901066350711,1512.20468358,227.73,660.84,10.0
700,Netherlands,2002,79.113,,10.7315165876777,1777.27138281,249.7,763.84,9.7
963,Netherlands,2003,80.341,,10.7729265402844,2272.36990923,311.63,968.0,9.3
1226,Netherlands,2004,81.514,,10.814336492891,2526.05363859,367.48,,9.3
1489,Netherlands,2005,82.63,,10.8557464454976,2611.32328704,377.98,,8.0
1752,Netherlands,2006,83.636,,10.8971563981043,2692.80654088,339.76,,7.1
2015,Netherlands,2007,84.539,,10.9385663507109,3093.50676167,370.48,,6.5
2278,Netherlands,2008,85.402,,10.9799763033175,3636.76849733,534.14,,6.7
2541,Netherlands,2009,86.288,,11.0311888526534,3595.12498975,479.12,,7.8
2804,Netherlands,2010,87.134,,11.0726356359324,3552.12314838,472.22,,7.1
3067,Netherlands,2011,87.879,,11.0246144721234,3803.10177606,527.42,,6.7
3330,Netherlands,2012,88.588,,10.9733096085409,3617.99157212,533.26,,6.3
3593,Netherlands,2013,89.187,,10.9317304838231,3817.92221671,638.19,,5.7
3856,Netherlands,2014,89.69,,10.8803799346987,3799.84742578,649.12,,5.5
4119,Netherlands,2015,90.173,,10.8354618354618,3089.04150501,527.82,,5.7
4382,Netherlands,2016,90.635,,10.8630828630829,3112.72483205,536.01,,5.9
4645,Netherlands,2017,91.077,,10.8910008910009,3174.06937605,545.21,,5.2
4908,Netherlands,2018,91.49,,10.9186219186219,3503.80293066,575.25,,5.3
5171,Netherlands,2019,91.876,,10.9465399465399,3519.2971864,564.27,,4.9
