,country,year,c_dollar2_poverty,c_forest_area,c_health_expenditure,c_out_of_pocket,c_physician,c_tuberculosis,c_urban_pop
171,Niger,2000,16.186,8.96,1.04847240862083,2.17241093,5.4,5.95,191.0
434,Niger,2001,16.26,9.59,1.03866740348938,2.32513552,5.78,6.37,179.0
697,Niger,2002,16.255,10.75,1.02886239835794,2.68899422,6.39,7.05,168.0
960,Niger,2003,16.251,12.45,1.01905739322649,2.80840537,7.6,8.38,159.0
1223,Niger,2004,16.247,13.96,1.00925238809505,3.31123958,8.35,9.21,151.0
1486,Niger,2005,16.242,18.54,0.999447382963606,6.05636032,9.52,10.51,143.0
1749,Niger,2006,16.238,19.79,0.989642377832162,6.7959418,9.87,10.91,136.0
2012,Niger,2007,16.234,20.84,0.979837372700718,5.76138493,11.18,12.34,129.0
2275,Niger,2008,16.229,24.71,0.970032367569274,7.30302802,13.0,14.36,123.0
2538,Niger,2009,16.225,24.41,0.960227362437831,7.02997033,13.1,14.46,118.0
2801,Niger,2010,16.221,23.34,0.950422357306387,6.17177736,12.96,14.29,113.0
3064,Niger,2011,16.216,24.69,0.940617352174943,6.44541467,14.25,15.59,109.0
3327,Niger,2012,16.212,22.57,0.930812347043499,5.44821504,13.72,14.15,105.0
3590,Niger,2013,16.208,24.44,0.921007341912055,7.33420325,13.82,14.21,102.0
3853,Niger,2014,16.219,24.89,0.911202336780611,7.13802505,13.61,14.45,98.0
4116,Niger,2015,16.247,25.73,0.901397331649167,5.34786315,13.3,14.06,95.0
4379,Niger,2016,16.29,22.43,0.891592326517723,5.44770628,13.12,13.67,93.0
4642,Niger,2017,16.35,28.69,0.881787321386279,9.69988052,13.86,14.84,90.0
4905,Niger,2018,16.425,30.09,0.871982316254835,10.02233736,14.73,16.51,87.0
5168,Niger,2019,16.517,31.22,0.862177311123392,11.14250454,14.39,15.32,84.0
