,country,year,c_dollar2_poverty,c_forest_area,c_health_expenditure,c_out_of_pocket,c_physician,c_tuberculosis,c_urban_pop
172,Nigeria,2000,34.84,17.65,27.3318620507922,3.23292442,10.62,11.42,219.0
435,Nigeria,2001,35.669,18.49,27.1525566279083,4.97187605,11.23,12.28,219.0
698,Nigeria,2002,36.508,18.06,26.9732512050243,3.85358873,11.75,12.89,219.0
961,Nigeria,2003,37.356,39.08,26.7939457821404,7.18994272,28.45,29.65,219.0
1224,Nigeria,2004,38.212,44.16,26.6146403592565,11.45676943,28.51,29.96,219.0
1487,Nigeria,2005,39.074,53.93,26.4353349363725,13.78174978,35.58,37.21,219.0
1750,Nigeria,2006,39.943,65.72,26.2560295134886,13.92146019,46.31,48.25,219.0
2013,Nigeria,2007,40.819,69.15,26.0767240906047,13.77025867,49.05,51.3,219.0
2276,Nigeria,2008,41.702,80.1,25.8974186677207,14.31725228,58.28,60.92,219.0
2539,Nigeria,2009,42.588,68.01,25.7181132448368,10.82754815,50.65,52.95,219.0
2802,Nigeria,2010,43.48,75.59,25.5388078219529,10.28339124,58.11,60.58,219.0
3065,Nigeria,2011,44.366,83.11,25.3595023990689,11.99699228,62.1,64.58,219.0
3328,Nigeria,2012,45.246,91.06,25.180196976185,14.75375525,66.33,68.64,219.0
3591,Nigeria,2013,46.118,100.82,25.0008915533011,14.42034908,71.51,73.85,219.0
3854,Nigeria,2014,46.982,106.12,24.8215861304171,14.13274174,76.25,78.96,219.0
4117,Nigeria,2015,47.838,96.28,24.6422807075332,15.83450574,69.22,70.9,219.0
4380,Nigeria,2016,48.683,78.24,24.4629795667402,10.18705887,58.82,59.98,219.0
4643,Nigeria,2017,49.519,72.77,24.2836830374299,10.34366832,56.32,56.9,219.0
4906,Nigeria,2018,50.344,65.7,24.1043842023782,10.57700424,49.9,50.42,219.0
5169,Nigeria,2019,51.157,69.68,23.9250853673265,10.96531653,49.82,50.53,219.0
