,country,year,c_dollar2_poverty,c_forest_area,c_health_expenditure,c_out_of_pocket,c_physician,c_tuberculosis,c_urban_pop
182,Pakistan,2000,32.982,15.41,5.85209111664591,5.42641466,8.84,9.87,275.0
445,Pakistan,2001,33.18,13.4,5.79792834163553,4.72726506,7.49,8.45,275.0
708,Pakistan,2002,33.38,14.96,5.74376556662516,5.62178143,7.63,8.64,275.0
971,Pakistan,2003,33.58,14.34,5.68960279161478,3.55436518,8.69,9.79,276.0
1234,Pakistan,2004,33.781,15.54,5.6354400166044,4.24979046,9.47,10.72,276.0
1497,Pakistan,2005,33.982,19.67,5.58127724159402,4.34630598,12.98,14.41,276.0
1760,Pakistan,2006,34.184,24.66,5.52711446658364,4.19118379,17.99,19.61,276.0
2023,Pakistan,2007,34.387,26.51,5.47295169157327,4.59481843,19.03,20.8,276.0
2286,Pakistan,2008,34.59,24.81,5.41878891656289,3.87381816,17.38,19.03,276.0
2549,Pakistan,2009,34.793,23.66,5.36462614155251,4.85261893,16.08,17.4,276.0
2812,Pakistan,2010,34.997,24.21,5.31046336654213,5.27391566,16.43,17.59,276.0
3075,Pakistan,2011,35.202,25.67,5.26865919468659,5.24467205,16.81,18.21,276.0
3338,Pakistan,2012,35.408,26.29,5.22685502283105,7.28846874,16.11,17.64,276.0
3601,Pakistan,2013,35.613,29.0,5.18505085097551,7.6059095,18.23,19.22,275.0
3864,Pakistan,2014,35.819,33.05,5.14324667911997,8.02983676,21.68,22.28,270.0
4127,Pakistan,2015,36.026,35.01,5.10144250726443,9.63588473,22.61,23.71,270.0
4390,Pakistan,2016,36.234,37.6,5.01795350767954,10.26116199,23.43,24.98,268.0
4653,Pakistan,2017,36.442,43.41,4.99418845994188,14.22169367,25.19,26.81,267.0
4916,Pakistan,2018,36.666,41.41,4.94056143628061,13.70200224,23.37,24.84,265.0
5179,Pakistan,2019,36.907,37.22,4.88693441261934,12.32831762,20.95,22.17,263.0
