,country,year,c_dollar2_poverty,c_forest_area,c_health_expenditure,c_out_of_pocket,c_physician,c_tuberculosis,c_urban_pop
186,Palau,2000,70.338,656.81,86.0434782608696,348.94983651,106.18,140.06,64.0
449,Palau,2001,70.093,625.21,86.2565217391304,317.65215856,105.63,139.33,64.0
712,Palau,2002,69.847,658.49,86.4695652173913,294.12598862,110.88,171.46,64.0
975,Palau,2003,69.6,698.83,86.6826086956522,307.90331749,113.68,179.15,52.0
1238,Palau,2004,70.383,827.09,86.895652173913,345.92168781,118.68,190.83,29.0
1501,Palau,2005,71.152,871.57,87.1086956521739,325.79516918,134.03,220.17,58.0
1764,Palau,2006,71.91,931.17,87.3217391304348,353.9915386,149.98,252.04,70.0
2027,Palau,2007,72.655,992.5,87.5347826086957,344.195962,161.44,277.9,65.0
2290,Palau,2008,73.389,979.43,87.7478260869565,316.74334476,170.08,292.78,91.0
2553,Palau,2009,74.109,,87.9608695652174,390.55961329,184.39,317.42,116.0
2816,Palau,2010,74.817,,88.1739130434783,405.17041991,192.02,330.55,118.0
3079,Palau,2011,75.511,,88.3608695652174,428.67609649,196.73,352.01,76.0
3342,Palau,2012,76.194,,88.5478260869565,507.61183551,203.99,412.08,26.0
3605,Palau,2013,76.862,,88.7347826086957,583.95703575,221.93,491.67,52.0
3868,Palau,2014,77.517,,88.9217391304348,607.18695212,231.4,525.96,90.0
4131,Palau,2015,78.159,,89.1086956521739,617.57114758,267.89,618.84,90.0
4394,Palau,2016,78.775,,89.304347826087,1056.57145263,292.05,654.23,148.0
4657,Palau,2017,79.365,,89.4782608695652,984.46948673,300.6,680.15,129.0
4920,Palau,2018,79.93,,89.6739130434783,1046.83263679,298.55,697.04,109.0
5183,Palau,2019,80.47,,89.8478260869565,1084.97882176,284.18,693.86,39.0
