,country,year,c_dollar2_poverty,c_forest_area,c_health_expenditure,c_out_of_pocket,c_physician,c_tuberculosis,c_urban_pop
183,Panama,2000,62.198,301.53,59.7543718052193,194.60601321,92.61,105.92,49.0
446,Panama,2001,62.497,297.58,59.6008205542104,188.75540795,94.91,107.72,70.0
709,Panama,2002,62.794,309.41,59.4472693032015,193.94256724,100.88,114.16,63.0
972,Panama,2003,63.091,304.24,59.2937180521926,188.6330432,100.59,114.32,64.0
1235,Panama,2004,63.387,345.24,59.1401668011838,218.45098204,111.7,126.07,66.0
1498,Panama,2005,63.682,323.75,58.9866155501749,192.11992875,115.91,130.82,62.0
1761,Panama,2006,63.976,371.34,58.833064299166,230.50771021,123.81,140.29,61.0
2024,Panama,2007,64.268,472.9,58.6795130481571,312.2241594,141.68,160.12,58.0
2287,Panama,2008,64.56,507.56,58.5259617971482,340.0896291,148.29,166.57,58.0
2550,Panama,2009,64.851,551.59,58.3724105461394,367.09973951,163.94,183.87,54.0
2813,Panama,2010,65.14,608.25,58.2188592951305,391.83581721,191.23,212.42,53.0
3076,Panama,2011,65.437,665.85,58.0652945924132,412.81274387,227.48,251.35,55.0
3339,Panama,2012,65.741,725.86,57.911729889696,435.724008,252.49,289.16,51.0
3602,Panama,2013,66.052,806.59,57.7581651869788,504.31845293,260.34,300.74,47.0
3865,Panama,2014,66.371,920.08,57.775580140313,563.55292052,292.58,351.9,47.0
4128,Panama,2015,66.696,982.79,57.6215596330275,597.21940448,324.68,384.62,52.0
4391,Panama,2016,67.027,,57.4676200755532,645.65729583,345.75,410.85,56.0
4654,Panama,2017,67.365,,57.3135456017269,694.68034249,359.91,432.38,57.0
4917,Panama,2018,67.709,,57.1133728767862,712.32536963,438.48,514.73,52.0
5180,Panama,2019,68.059,,56.9594230250741,760.40011414,482.05,556.53,37.0
