,country,year,c_dollar2_poverty,c_forest_area,c_health_expenditure,c_out_of_pocket,c_physician,c_tuberculosis,c_urban_pop
187,Papua New Guinea,2000,13.204,18.94,80.1085684317449,15.96588552,1.79,1.79,432.0
450,Papua New Guinea,2001,13.182,18.29,80.0866894846089,13.25978423,1.62,1.62,432.0
713,Papua New Guinea,2002,13.164,20.66,80.064810537473,13.13524191,1.81,1.81,432.0
976,Papua New Guinea,2003,13.146,22.1,80.042931590337,12.84223489,1.94,1.94,432.0
1239,Papua New Guinea,2004,13.127,25.88,80.021052643201,16.96204948,2.19,2.19,432.0
1502,Papua New Guinea,2005,13.109,27.65,79.999173696065,18.21469988,2.27,2.27,432.0
1765,Papua New Guinea,2006,13.091,30.22,79.977294748929,20.28770509,2.45,2.45,432.0
2028,Papua New Guinea,2007,13.073,33.39,79.9554158017931,22.54030006,2.6,2.6,432.0
2291,Papua New Guinea,2008,13.055,34.91,79.9335368546571,24.75548082,3.04,3.04,432.0
2554,Papua New Guinea,2009,13.037,36.78,79.9116579075211,24.58196798,3.82,3.82,432.0
2817,Papua New Guinea,2010,13.019,39.61,79.8897789603851,24.43611772,4.87,4.87,432.0
3080,Papua New Guinea,2011,13.0,52.85,79.821561630526,34.48942834,6.47,6.47,432.0
3343,Papua New Guinea,2012,12.982,70.76,79.7533443006669,48.34543504,6.52,6.52,432.0
3606,Papua New Guinea,2013,12.978,77.28,79.6851269708078,51.17153228,5.08,5.08,432.0
3869,Papua New Guinea,2014,12.988,89.7,79.6169098617674,55.41192221,5.34,5.34,432.0
4132,Papua New Guinea,2015,13.012,45.51,79.5486925319083,34.4740284,5.63,5.63,432.0
4395,Papua New Guinea,2016,13.05,54.37,79.4724197323676,39.14132841,5.52,5.52,432.0
4658,Papua New Guinea,2017,13.102,55.63,79.3983791900367,41.95551152,5.01,5.01,432.0
4921,Papua New Guinea,2018,13.169,59.29,79.3243386477057,41.74199862,5.71,5.71,432.0
5184,Papua New Guinea,2019,13.25,60.31,79.2502981053747,35.17793751,5.75,5.75,432.0
