,country,year,c_dollar2_poverty,c_forest_area,c_health_expenditure,c_out_of_pocket,c_physician,c_tuberculosis,c_urban_pop
184,Peru,2000,73.042,83.46,58.8264296875,44.25434525,33.62,39.01,183.0
447,Peru,2001,73.448,89.2,58.72892734375,46.77354951,36.26,41.94,173.0
710,Peru,2002,73.85,97.5,58.631425,49.79773673,38.94,47.13,166.0
973,Peru,2003,74.249,97.2,58.53392265625,49.49460076,36.44,45.44,146.0
1236,Peru,2004,74.644,105.01,58.4364203125,54.60812666,38.53,48.3,151.0
1499,Peru,2005,75.034,123.05,58.33891796875,67.66553032,41.86,52.8,151.0
1762,Peru,2006,75.421,135.87,58.241415625,68.2846137,54.8,65.14,153.0
2025,Peru,2007,75.803,158.17,58.14391328125,76.98155986,67.29,79.61,143.0
2288,Peru,2008,76.052,190.85,58.0464109375,91.78271516,82.73,97.66,141.0
2551,Peru,2009,76.241,208.39,57.94890859375,104.95168207,83.93,99.54,138.0
2814,Peru,2010,76.43,240.26,57.85140625,124.69307897,94.93,112.78,134.0
3077,Peru,2011,76.617,262.97,57.7177703125,134.03515292,106.07,126.28,133.0
3340,Peru,2012,76.804,307.32,57.584134375,161.31615708,119.44,144.02,126.0
3603,Peru,2013,76.989,320.32,57.4504984375,178.88226603,112.4,139.9,125.0
3866,Peru,2014,77.173,331.78,57.3168625,197.56753528,104.71,133.29,125.0
4129,Peru,2015,77.357,310.27,57.1832265625,188.88823913,92.87,120.65,122.0
4392,Peru,2016,77.539,311.44,57.03928125,192.02868633,91.36,118.76,120.0
4655,Peru,2017,77.72,333.12,56.902171875,207.09637039,95.41,125.2,119.0
4918,Peru,2018,77.907,363.42,56.77815625,223.49862066,106.88,139.2,119.0
5181,Peru,2019,78.099,366.56,56.643125,230.53665051,103.12,135.31,119.0
