,country,year,c_dollar2_poverty,c_forest_area,c_health_expenditure,c_out_of_pocket,c_physician,c_tuberculosis,c_urban_pop
188,Poland,2000,61.716,238.0,29.5765451043129,162.34986038,74.56,75.65,33.0
451,Poland,2001,61.761,282.82,29.6646968559209,198.9427525,82.56,83.88,30.0
714,Poland,2002,61.787,315.83,29.7528486075288,220.94201269,84.21,94.89,30.0
977,Poland,2003,61.676,339.34,29.8458725182863,232.69796499,95.19,106.57,30.0
1240,Poland,2004,61.564,392.0,29.9252440178892,264.45445015,116.8,127.53,26.0
1503,Poland,2005,61.452,465.7,30.0133842588059,319.11380912,130.63,146.57,24.0
1766,Poland,2006,61.341,524.1,30.1025071820319,361.50621221,143.16,162.58,24.0
2029,Poland,2007,61.229,660.92,30.1906503003395,460.57298699,176.27,200.35,24.0
2292,Poland,2008,61.116,892.6,30.2807704864512,635.56708166,218.09,257.02,22.0
2555,Poland,2009,61.004,759.61,30.3709024422097,544.98155393,186.25,214.62,23.0
2818,Poland,2010,60.892,809.2,30.4590570719603,577.36409892,193.12,231.84,21.0
3081,Poland,2011,60.78,866.09,30.5234627567515,615.15039401,207.55,250.94,24.0
3344,Poland,2012,60.654,815.14,30.5838939324669,569.2004259,197.87,245.94,21.0
3607,Poland,2013,60.529,878.09,30.6443290552235,617.25390684,209.0,259.61,21.0
3870,Poland,2014,60.403,911.3,30.7057709265489,637.32154653,209.7,273.63,19.0
4133,Poland,2015,60.278,803.96,30.7652111434077,557.41096533,187.43,246.24,19.0
4396,Poland,2016,60.178,813.47,30.8142003331265,559.74868429,187.75,253.57,18.0
4659,Poland,2017,60.105,909.58,30.8533916849015,625.99757797,209.72,283.3,17.0
4922,Poland,2018,60.058,978.74,30.8946010386387,695.74820078,203.52,282.42,16.0
5185,Poland,2019,60.037,,30.939858220901,723.87111549,207.32,289.61,15.0
