,country,year,c_dollar2_poverty,c_forest_area,c_health_expenditure,c_out_of_pocket,c_physician,c_tuberculosis,c_urban_pop
199,Romania,2000,53.004,69.89,27.7132036045449,55.39739126,13.57,14.5,144.0
462,Romania,2001,52.852,78.82,27.7780679987811,62.85804966,14.93,15.96,151.0
725,Romania,2002,52.78,96.58,27.823552442685,77.64548449,17.22,18.93,158.0
988,Romania,2003,52.912,143.55,27.8786692759296,119.24171218,21.71,24.3,159.0
1251,Romania,2004,53.043,190.8,27.9373913043478,140.82470782,46.41,49.06,154.0
1514,Romania,2005,53.174,254.53,28.0046090964432,203.05204028,47.09,50.41,142.0
1777,Romania,2006,53.305,291.0,28.069397338899,230.73812349,58.17,59.75,134.0
2040,Romania,2007,53.436,415.07,28.1451998782026,338.07742142,73.04,76.34,125.0
2303,Romania,2008,53.567,521.32,28.2087864288821,422.75919666,94.79,98.33,121.0
2566,Romania,2009,53.698,449.38,28.2539337564114,353.48690714,93.4,95.74,116.0
2829,Romania,2010,53.829,472.21,28.3199304499022,377.25195694,92.7,94.58,105.0
3092,Romania,2011,53.96,426.6,28.6405352565495,319.84833909,103.56,106.69,97.0
3355,Romania,2012,53.974,401.67,28.9948004521346,308.7417069,90.09,92.93,92.0
3618,Romania,2013,53.937,495.24,29.3291135938791,391.0020406,99.92,103.18,89.0
3881,Romania,2014,53.9,503.35,29.6582406119611,397.05260531,102.25,106.08,85.0
4144,Romania,2015,53.887,442.24,29.9937413073714,344.69443281,94.12,97.55,82.0
4407,Romania,2016,53.9,476.25,30.1158292767733,372.34224337,98.84,103.9,74.0
4670,Romania,2017,53.936,555.11,30.1158292767733,436.24340617,113.73,118.87,72.0
4933,Romania,2018,53.998,687.15,30.1158292767733,547.59798255,133.7,139.56,68.0
5196,Romania,2019,54.084,738.56,30.1158292767733,591.87914899,139.42,146.69,65.0
