,country,year,c_dollar2_poverty,c_forest_area,c_health_expenditure,c_out_of_pocket,c_physician,c_tuberculosis,c_urban_pop
200,Russian Federation,2000,73.35,95.13,49.4018499097143,56.46381343,28.74,38.47,95.0
463,Russian Federation,2001,73.346,117.78,49.4403819433422,68.36243761,36.27,49.19,92.0
726,Russian Federation,2002,73.341,140.39,49.4746894866839,81.8486741,43.82,58.28,90.0
989,Russian Federation,2003,73.373,164.27,49.5103852150482,95.43721564,54.67,68.58,88.0
1252,Russian Federation,2004,73.418,208.8,49.5454456106165,122.70654823,70.59,85.83,87.0
1515,Russian Federation,2005,73.463,271.64,49.5807773333032,166.09355401,86.74,105.28,88.0
1778,Russian Federation,2006,73.508,352.71,49.6276507015009,217.72758555,109.79,134.7,88.0
2041,Russian Federation,2007,73.553,461.98,49.6634743255174,286.68075378,145.29,175.0,90.0
2304,Russian Federation,2008,73.598,609.85,49.7019381603444,381.93358063,192.4,227.61,90.0
2567,Russian Federation,2009,73.642,516.44,49.7377636874446,320.53986517,178.6,195.9,89.0
2830,Russian Federation,2010,73.687,567.03,49.7735892145447,348.03540963,200.31,218.99,85.0
3093,Russian Federation,2011,73.732,684.27,49.7710839739218,428.70063984,233.98,255.57,81.0
3356,Russian Federation,2012,73.791,758.97,49.7685787332989,483.51791716,253.48,275.45,77.0
3619,Russian Federation,2013,73.863,809.14,49.766073492676,504.748555,281.84,304.39,73.0
3882,Russian Federation,2014,73.95,739.59,49.763568252053,456.96760539,264.96,282.62,70.0
4145,Russian Federation,2015,74.05,499.15,49.7610630114301,293.09128322,192.9,206.05,67.0
4408,Russian Federation,2016,74.164,465.43,49.7726995451512,265.06276785,188.43,200.37,63.0
4671,Russian Federation,2017,74.292,579.98,49.7843360788722,331.10402304,234.85,248.88,59.0
4934,Russian Federation,2018,74.433,609.35,49.7843360788722,362.2992282,233.45,247.05,54.0
5197,Russian Federation,2019,74.587,654.0,49.7843360788722,399.93345966,239.19,254.07,50.0
