,country,year,c_dollar2_poverty,c_forest_area,c_health_expenditure,c_out_of_pocket,c_physician,c_tuberculosis,c_urban_pop
201,Rwanda,2000,14.926,9.12,11.6335630320227,1.64817089,2.42,3.22,96.0
464,Rwanda,2001,15.829,7.93,11.5443858937981,1.66888034,2.19,3.02,83.0
727,Rwanda,2002,16.777,7.35,11.4552087555736,1.78061705,2.09,2.98,89.0
990,Rwanda,2003,16.904,17.3,11.366031617349,5.7512418,2.96,4.21,100.0
1253,Rwanda,2004,16.908,20.29,11.2768544791244,5.21185831,4.31,5.49,93.0
1516,Rwanda,2005,16.912,25.1,11.1876773408999,5.24834423,5.97,7.24,102.0
1779,Rwanda,2006,16.917,27.24,11.0985002026753,5.30880418,3.89,6.39,112.0
2042,Rwanda,2007,16.921,33.58,11.0093230644508,7.46287097,4.2,7.54,106.0
2305,Rwanda,2008,16.925,40.05,10.9201459262262,9.60618354,4.72,9.21,101.0
2568,Rwanda,2009,16.93,44.08,10.8309687880016,10.62860483,5.02,10.13,95.0
2831,Rwanda,2010,16.934,48.03,10.7417916497771,12.11348456,5.32,10.97,83.0
3094,Rwanda,2011,16.938,51.65,10.7823267126064,14.3034656,5.57,11.82,80.0
3357,Rwanda,2012,16.943,57.22,10.8228617754358,14.50962233,5.82,12.19,72.0
3620,Rwanda,2013,16.947,47.71,10.8633968382651,15.30008833,5.87,11.29,66.0
3883,Rwanda,2014,16.967,50.62,10.9039319010944,15.89573279,6.11,10.89,65.0
4146,Rwanda,2015,17.004,48.81,10.9444669639238,15.44395964,5.94,12.77,61.0
4409,Rwanda,2016,17.056,50.7,11.0255370895825,16.27132992,5.76,12.5,62.0
4672,Rwanda,2017,17.125,48.34,11.0660721524118,16.86187413,5.71,12.46,58.0
4935,Rwanda,2018,17.211,51.54,11.1066072152412,18.01813632,6.12,13.34,59.0
5198,Rwanda,2019,17.313,51.08,11.1471422780705,20.19933696,6.2,13.8,57.0
