,country,year,c_dollar2_poverty,c_forest_area,c_health_expenditure,c_out_of_pocket,c_physician,c_tuberculosis,c_urban_pop
258,Samoa,2000,21.977,59.76,60.5335689045936,49.94073263,7.14,7.21,27.0
521,Samoa,2001,22.068,55.65,60.3632508833922,45.25162057,7.78,8.57,14.0
784,Samoa,2002,21.941,72.03,60.1929328621908,54.43499464,9.52,10.6,19.0
1047,Samoa,2003,21.698,81.21,60.0226148409894,54.74588141,11.68,12.58,17.0
1310,Samoa,2004,21.457,103.56,59.852296819788,69.02744754,13.44,14.47,21.0
1573,Samoa,2005,21.218,120.36,59.6819787985866,82.42704522,15.7,16.9,15.0
1836,Samoa,2006,20.981,132.43,59.5116607773852,93.19097338,16.97,18.27,15.0
2099,Samoa,2007,20.75,146.72,59.3413427561837,101.24408763,19.19,20.66,13.0
2362,Samoa,2008,20.524,155.76,59.1710247349823,118.98596621,22.2,23.9,7.2
2625,Samoa,2009,20.3,170.97,59.0007067137809,132.82887056,21.48,22.88,9.5
2888,Samoa,2010,20.078,183.87,58.8303886925795,138.6626712,23.23,24.74,8.3
3151,Samoa,2011,19.857,210.12,58.6593639575972,143.13092199,25.85,27.53,12.0
3414,Samoa,2012,19.624,195.4,58.4883392226148,153.2933166,27.2,28.89,13.0
3677,Samoa,2013,19.385,245.21,58.3173144876325,158.86103852,27.18,28.85,13.0
3940,Samoa,2014,19.149,246.59,58.1462897526502,174.04587903,27.15,28.81,13.0
4203,Samoa,2015,18.914,212.15,57.9752650176678,167.83621763,24.4,26.28,11.0
4466,Samoa,2016,18.681,202.21,57.8056537102473,159.19505778,25.19,27.17,7.3
4729,Samoa,2017,18.452,217.39,58.6726618705036,165.95987857,25.03,27.02,17.0
4992,Samoa,2018,18.243,197.9,58.5,153.51854007,25.06,27.03,6.0
5255,Samoa,2019,18.056,239.13,58.3273381294964,183.72041401,25.64,27.61,9.8
