,country,year,c_dollar2_poverty,c_forest_area,c_health_expenditure,c_out_of_pocket,c_physician,c_tuberculosis,c_urban_pop
210,San Marino,2000,93.44,,16.6666666666667,1617.5681388,556.73,575.24,4.3
473,San Marino,2001,93.75,,16.6666666666667,1653.06770273,533.5,553.57,0.0
736,San Marino,2002,93.925,,16.6666666666667,1656.71049633,557.96,578.82,4.1
999,San Marino,2003,93.975,,16.6666666666667,1860.42829482,579.87,602.1,4.0
1262,San Marino,2004,94.155,,16.6666666666667,2209.33906482,659.02,686.13,0.0
1525,San Marino,2005,94.453,,16.6666666666667,2311.60041897,647.05,674.73,0.0
1788,San Marino,2006,94.736,,16.6666666666667,2471.44314401,660.79,689.14,0.0
2051,San Marino,2007,95.007,,16.6666666666667,2936.80849018,735.42,770.2,0.0
2314,San Marino,2008,95.264,,16.6666666666667,3401.4214426,834.43,872.6,0.0
2577,San Marino,2009,95.508,,16.6666666666667,3323.10241662,786.97,825.55,0.0
2840,San Marino,2010,95.74,,16.6666666666667,3187.67592125,507.47,542.01,0.0
3103,San Marino,2011,95.961,,16.6666666666667,4065.78771386,506.56,538.74,0.0
3366,San Marino,2012,96.171,,16.6666666666667,3923.74487784,493.5,522.54,0.0
3629,San Marino,2013,96.37,,16.6666666666667,3763.94202197,454.61,485.61,0.0
3892,San Marino,2014,96.559,,16.6666666666667,3724.66122399,498.41,528.55,0.0
4155,San Marino,2015,96.739,,16.6666666666667,3129.57641479,484.9,510.39,0.0
4418,San Marino,2016,96.91,,16.6666666666667,3269.5941351,452.12,476.37,0.0
4681,San Marino,2017,97.072,,16.6666666666667,3321.62170595,459.16,483.43,0.0
4944,San Marino,2018,97.226,,16.6666666666667,3643.68654428,445.9,471.38,0.0
5207,San Marino,2019,97.368,,16.6666666666667,3494.09935588,432.46,456.95,0.0
