,country,year,c_dollar2_poverty,c_forest_area,c_health_expenditure,c_out_of_pocket,c_physician,c_tuberculosis,c_urban_pop
203,Saudi Arabia,2000,79.848,370.42,0.454484134921779,266.89698691,68.39,103.52,18.0
466,Saudi Arabia,2001,80.077,371.99,0.454484134921779,269.84299363,67.08,102.15,17.0
729,Saudi Arabia,2002,80.304,356.14,0.454484134921779,257.53848391,65.71,98.6,17.0
992,Saudi Arabia,2003,80.53,370.92,0.454484134921779,268.45381506,66.58,102.47,16.0
1255,Saudi Arabia,2004,80.754,391.91,0.454484134921779,280.13638406,71.14,111.78,16.0
1518,Saudi Arabia,2005,80.979,459.89,0.454484134921779,333.39831229,75.84,126.49,17.0
1781,Saudi Arabia,2006,81.204,536.69,0.454484134921779,391.68673713,82.62,145.0,17.0
2044,Saudi Arabia,2007,81.427,560.91,0.454484134921779,394.80706388,93.89,166.1,17.0
2307,Saudi Arabia,2008,81.649,562.85,0.454484134921779,357.94512199,109.02,204.91,17.0
2570,Saudi Arabia,2009,81.867,646.34,0.454484134921779,420.03764023,118.61,226.3,16.0
2833,Saudi Arabia,2010,82.084,655.12,0.454484134921779,405.73106692,124.11,249.39,17.0
3096,Saudi Arabia,2011,82.302,826.34,0.454484134921779,554.21590711,129.08,272.12,15.0
3359,Saudi Arabia,2012,82.52,959.83,0.454484134921779,655.40304084,145.47,304.43,14.0
3622,Saudi Arabia,2013,82.74,,0.454484134921779,737.06985921,152.08,322.02,13.0
3885,Saudi Arabia,2014,82.96,,0.454484134921779,878.43645847,161.68,352.41,12.0
4148,Saudi Arabia,2015,83.18,,0.454484134921779,820.54731979,172.36,377.79,12.0
4411,Saudi Arabia,2016,83.401,,0.454484134921779,865.67884872,176.89,374.92,10.0
4674,Saudi Arabia,2017,83.622,,0.454484134921779,906.10959338,180.64,355.06,9.6
4937,Saudi Arabia,2018,83.844,,0.454484134921779,907.6440483,205.27,383.48,9.7
