,country,year,c_dollar2_poverty,c_forest_area,c_health_expenditure,c_out_of_pocket,c_physician,c_tuberculosis,c_urban_pop
224,Seychelles,2000,50.433,354.08,73.2608695652174,290.74332694,63.34,63.34,29.0
487,Seychelles,2001,50.646,413.23,73.2608695652174,287.81782147,124.52,124.52,27.0
750,Seychelles,2002,50.876,385.84,73.2608695652174,307.70025424,75.17,75.17,40.0
1013,Seychelles,2003,51.123,452.41,73.2608695652174,349.97817958,98.28,98.28,14.0
1276,Seychelles,2004,51.388,514.9,73.2608695652174,377.73934805,124.92,124.92,24.0
1539,Seychelles,2005,51.67,532.79,73.2608695652174,387.41924796,141.97,141.97,19.0
1802,Seychelles,2006,51.969,546.07,73.2608695652174,401.84028574,140.72,140.72,23.0
2065,Seychelles,2007,52.285,478.69,73.2608695652174,356.09095934,120.2,120.2,22.0
2328,Seychelles,2008,52.619,429.68,73.2608695652174,259.24794323,168.59,168.59,7.7
2591,Seychelles,2009,52.969,361.7,73.2608695652174,222.20991744,137.15,138.12,19.0
2854,Seychelles,2010,53.336,506.87,73.2608695652174,326.01453525,147.23,170.2,21.0
3117,Seychelles,2011,53.72,521.06,73.2608695652174,327.10676682,157.86,158.13,26.0
3380,Seychelles,2012,54.12,637.23,73.2608695652174,446.88944094,160.15,179.93,24.0
3643,Seychelles,2013,54.537,619.22,73.2608695652174,440.16161938,153.4,160.89,29.0
3906,Seychelles,2014,54.969,649.4,73.2608695652174,450.80858586,193.87,195.66,15.0
4169,Seychelles,2015,55.4,637.05,73.2608695652174,450.46678189,184.16,184.43,9.3
4432,Seychelles,2016,55.831,735.57,73.2608695652174,508.63568898,186.15,198.12,14.0
4695,Seychelles,2017,56.261,736.65,73.2608695652174,538.0853119,181.21,194.24,18.0
4958,Seychelles,2018,56.691,791.53,73.2608695652174,584.25760364,191.42,204.26,17.0
5221,Seychelles,2019,57.119,786.65,73.2608695652174,571.97806084,198.39,214.67,15.0
