,country,year,c_dollar2_poverty,c_forest_area,c_health_expenditure,c_out_of_pocket,c_physician,c_tuberculosis,c_urban_pop
220,Slovenia,2000,50.754,796.65,61.2214498510427,568.7339825,105.74,227.91,21.0
483,Slovenia,2001,50.78,826.23,61.2909632571996,582.99421059,106.61,243.23,21.0
746,Slovenia,2002,50.857,944.87,61.3604766633565,684.36318078,118.63,260.51,20.0
1009,Slovenia,2003,51.082,,61.4299900695134,865.82315476,150.22,337.24,16.0
1272,Slovenia,2004,51.308,,61.4995034756703,985.27805596,166.55,383.37,14.0
1535,Slovenia,2005,51.533,,61.5690168818272,1046.62709173,188.68,402.56,15.0
1798,Slovenia,2006,51.758,,61.6385302879841,1106.02706354,189.29,435.64,12.0
2061,Slovenia,2007,51.983,,61.708043694141,1261.46029192,244.81,534.5,12.0
2324,Slovenia,2008,52.209,,61.7585450357884,1572.70827225,275.48,606.74,12.0
2587,Slovenia,2009,52.433,,61.829264660624,1530.36863418,271.58,594.69,10.0
2850,Slovenia,2010,52.658,,61.8975290625527,1459.7067523,254.97,557.44,9.4
3113,Slovenia,2011,52.883,,61.9080710811079,1552.12779002,261.96,595.68,10.0
3376,Slovenia,2012,53.108,,61.9189206629703,1399.20843817,246.07,575.65,7.4
3639,Slovenia,2013,53.332,,61.9463753723932,1445.00848973,255.99,610.37,7.7
3902,Slovenia,2014,53.557,,61.9563058589871,1454.48309368,267.77,607.9,7.9
4165,Slovenia,2015,53.781,,61.9582377647374,1267.15569241,221.96,508.71,7.1
4428,Slovenia,2016,54.02,,61.8592989772614,1326.77453475,220.29,508.63,6.5
4691,Slovenia,2017,54.273,,61.7699782998396,1382.13995604,237.32,542.89,6.1
4954,Slovenia,2018,54.541,,61.674380723466,1570.96801597,259.95,598.61,5.4
5217,Slovenia,2019,54.822,,61.5730716513379,1605.97136341,258.78,613.13,5.3
