,country,year,c_dollar2_poverty,c_forest_area,c_health_expenditure,c_out_of_pocket,c_physician,c_tuberculosis,c_urban_pop
207,Solomon Islands,2000,15.813,47.13,90.6609503394069,43.4030736,2.54,2.54,88.0
470,Solomon Islands,2001,16.201,61.41,90.6347981421936,56.01621844,2.85,2.85,83.0
733,Solomon Islands,2002,16.597,77.66,90.6086459449804,44.0967707,2.01,2.01,71.0
996,Solomon Islands,2003,17.001,54.08,90.5824937477671,40.03864831,1.58,1.58,79.0
1259,Solomon Islands,2004,17.413,65.09,90.5563415505538,41.20514636,1.73,1.73,90.0
1522,Solomon Islands,2005,17.832,89.12,90.5301893533405,63.26694595,1.94,1.94,103.0
1785,Solomon Islands,2006,18.259,87.4,90.5040371561272,57.32831035,2.32,2.32,94.0
2048,Solomon Islands,2007,18.694,88.29,90.4778849589139,60.9926144,2.58,2.58,98.0
2311,Solomon Islands,2008,19.138,74.6,90.4517327617006,42.75981865,2.76,2.76,94.0
2574,Solomon Islands,2009,19.589,92.1,90.4255805644873,43.29109113,2.51,2.51,87.0
2837,Solomon Islands,2010,20.048,73.04,90.399428367274,46.21271359,2.99,2.99,78.0
3100,Solomon Islands,2011,20.508,95.25,90.3732761700607,54.43551372,3.08,3.08,90.0
3363,Solomon Islands,2012,20.97,101.77,90.3471239728474,61.52709963,3.08,3.08,79.0
3626,Solomon Islands,2013,21.433,101.11,90.3209717756341,61.24062685,3.21,3.21,77.0
3889,Solomon Islands,2014,21.896,109.28,90.2948195784209,66.09863704,3.17,3.17,72.0
4152,Solomon Islands,2015,22.36,94.91,90.2686673812076,65.52080636,2.94,2.94,85.0
4415,Solomon Islands,2016,22.823,96.69,90.242586638085,69.26824759,2.97,2.97,80.0
4678,Solomon Islands,2017,23.286,94.77,90.2165058949625,70.69075673,2.99,2.99,72.0
4941,Solomon Islands,2018,23.749,92.48,90.1904251518399,72.6056056,3.42,3.42,73.0
5204,Solomon Islands,2019,24.21,103.8,90.1643444087174,78.17913616,3.82,3.82,66.0
