,country,year,c_dollar2_poverty,c_forest_area,c_health_expenditure,c_out_of_pocket,c_physician,c_tuberculosis,c_urban_pop
137,Sri Lanka,2000,18.38,43.72,34.546643278584,23.44674517,17.51,19.87,66.0
400,Sri Lanka,2001,18.365,41.31,34.4464997608037,21.71288281,16.97,19.29,66.0
663,Sri Lanka,2002,18.349,42.74,34.3463562430234,22.84529367,17.29,19.81,66.0
926,Sri Lanka,2003,18.334,42.2,34.2462127252432,23.24193006,15.87,18.51,66.0
1189,Sri Lanka,2004,18.319,50.65,34.1460692074629,26.69650032,20.78,23.7,66.0
1452,Sri Lanka,2005,18.303,56.93,34.0459256896827,29.96650343,23.06,26.48,66.0
1715,Sri Lanka,2006,18.288,64.82,33.9457821719024,33.03642904,26.54,30.18,66.0
1978,Sri Lanka,2007,18.272,72.86,33.8456386541221,35.33351898,32.68,36.72,66.0
2241,Sri Lanka,2008,18.257,91.53,33.7454951363419,39.55677158,46.35,51.18,66.0
2504,Sri Lanka,2009,18.242,98.56,33.6453516185616,40.0176185,52.52,57.36,66.0
2767,Sri Lanka,2010,18.226,106.14,33.5452081007814,42.92127745,56.57,61.99,66.0
3030,Sri Lanka,2011,18.211,116.34,33.625578057726,49.49558394,59.59,66.25,66.0
3293,Sri Lanka,2012,18.196,110.83,33.7059480146707,46.79830568,57.56,63.61,66.0
3556,Sri Lanka,2013,18.198,134.59,33.7863179716154,61.12777463,65.86,72.59,66.0
3819,Sri Lanka,2014,18.218,134.75,33.86668792856,60.27171707,65.6,72.85,65.0
4082,Sri Lanka,2015,18.256,146.95,34.3951658507424,64.59685122,71.91,80.34,65.0
4345,Sri Lanka,2016,18.311,148.62,34.3441099962839,64.08555472,74.49,83.24,65.0
4608,Sri Lanka,2017,18.384,146.17,34.2930541418254,59.93653687,71.99,81.94,64.0
4871,Sri Lanka,2018,18.476,159.46,34.2580499159447,72.86195103,74.66,84.22,64.0
5134,Sri Lanka,2019,18.585,142.05,34.2067102490331,58.18204581,72.55,81.72,64.0
