,country,year,c_dollar2_poverty,c_forest_area,c_health_expenditure,c_out_of_pocket,c_physician,c_tuberculosis,c_urban_pop
218,Suriname,2000,66.444,166.08,98.3389102564103,80.35888117,25.57,61.8,24.0
481,Suriname,2001,66.517,91.58,98.3126217948718,44.5174765,25.03,46.91,20.0
744,Suriname,2002,66.591,158.49,98.2863333333333,73.11430833,36.47,76.01,25.0
1007,Suriname,2003,66.664,167.76,98.2600448717949,73.35626203,39.51,83.83,27.0
1270,Suriname,2004,66.737,213.9,98.2337564102564,95.19696996,44.27,103.61,25.0
1533,Suriname,2005,66.682,243.13,98.2074679487179,109.54144697,50.73,122.99,29.0
1796,Suriname,2006,66.615,315.47,98.1811794871795,146.38131689,57.05,143.14,32.0
2059,Suriname,2007,66.547,310.97,98.154891025641,153.90611153,60.64,150.68,31.0
2322,Suriname,2008,66.479,336.32,98.1286025641026,148.62743136,81.67,176.85,26.0
2585,Suriname,2009,66.412,382.56,98.1023141025641,175.81249431,84.04,194.35,43.0
2848,Suriname,2010,66.344,402.41,98.0760256410256,170.51743604,94.89,206.1,46.0
3111,Suriname,2011,66.276,378.15,98.0142435897436,153.64377602,102.86,208.78,29.0
3374,Suriname,2012,66.208,409.35,97.9524615384615,167.82512552,115.74,234.39,30.0
3637,Suriname,2013,66.14,438.41,97.8906794871795,184.60539132,122.2,250.67,32.0
3900,Suriname,2014,66.089,445.36,97.8288974358974,184.82787796,129.08,257.48,33.0
4163,Suriname,2015,66.056,517.38,97.7671153846154,281.86948176,113.82,233.93,32.0
4426,Suriname,2016,66.04,341.92,97.694358974359,211.67113893,74.66,125.52,25.0
4689,Suriname,2017,66.041,325.38,97.6475641025641,189.45588255,85.83,134.01,28.0
4952,Suriname,2018,66.06,450.16,97.5691025641026,307.14981107,82.95,137.09,38.0
5215,Suriname,2019,66.095,592.98,97.4905769230769,431.89456873,91.17,157.51,29.0
