,country,year,c_dollar2_poverty,c_forest_area,c_health_expenditure,c_out_of_pocket,c_physician,c_tuberculosis,c_urban_pop
221,Sweden,2000,84.026,,69.1388538853443,1835.81716272,314.3,337.38,5.4
484,Sweden,2001,84.071,,69.1167593043349,1771.09782397,363.91,384.76,5.1
747,Sweden,2002,84.133,,69.0946647233255,2030.52993443,405.99,428.57,4.8
1010,Sweden,2003,84.196,,69.0725701423161,2585.50971793,493.96,524.69,5.1
1273,Sweden,2004,84.258,,69.0504755613067,2884.40847771,567.94,603.76,5.5
1536,Sweden,2005,84.319,,69.0283809802973,2919.44549154,590.17,628.19,6.8
1799,Sweden,2006,84.43,,69.0062863992879,3101.05820071,622.86,664.34,6.2
2062,Sweden,2007,84.588,,68.9841918182784,3556.70274403,704.17,753.62,5.8
2325,Sweden,2008,84.746,,68.962097237269,3817.80721984,755.48,809.76,6.4
2588,Sweden,2009,84.902,,68.9400026562596,3412.91843351,678.47,723.25,7.1
2851,Sweden,2010,85.056,,68.9179080752502,3642.80125651,723.3,773.34,7.5
3114,Sweden,2011,85.297,,68.8722459411641,5365.61673639,924.4,985.6,6.5
3377,Sweden,2012,85.62,,68.826583807078,5267.27572329,926.28,987.17,7.1
3640,Sweden,2013,85.936,,68.7809216729919,5626.71319062,999.92,,7.3
3903,Sweden,2014,86.247,,68.7352595389057,5550.83227373,985.53,,7.5
4166,Sweden,2015,86.553,,68.6944981353789,4700.70871748,834.36,897.97,9.1
4429,Sweden,2016,86.852,,68.6944981353789,4786.71187504,823.24,894.01,8.1
4692,Sweden,2017,87.146,,68.6944981353789,4944.98509252,822.34,892.79,5.6
4955,Sweden,2018,87.431,,68.6944981353789,5091.37246796,838.24,913.69,5.4
5218,Sweden,2019,87.708,,68.6990605243879,4812.05894719,775.21,840.93,5.4
