,country,year,c_dollar2_poverty,c_forest_area,c_health_expenditure,c_out_of_pocket,c_physician,c_tuberculosis,c_urban_pop
232,Tajikistan,2000,26.501,5.92,2.92940840240069,1.22850128,4.68,4.68,219.0
495,Tajikistan,2001,26.503,7.56,2.92940840240069,1.4470848,5.79,5.79,222.0
758,Tajikistan,2002,26.505,8.21,2.92940840240069,1.4931924,6.42,6.42,220.0
1021,Tajikistan,2003,26.507,10.95,2.92940840240069,1.7917317,8.03,8.13,215.0
1284,Tajikistan,2004,26.508,14.63,2.92940840240069,2.7273209,10.49,10.64,207.0
1547,Tajikistan,2005,26.51,17.37,2.92940840240069,3.29700275,11.48,11.76,196.0
1810,Tajikistan,2006,26.512,20.05,2.92940840240069,3.72881317,13.79,14.09,183.0
2073,Tajikistan,2007,26.514,28.61,2.92940840240069,5.56452797,20.21,20.29,169.0
2336,Tajikistan,2008,26.516,41.43,2.92940840240069,9.5986255,28.41,28.49,155.0
2599,Tajikistan,2009,26.518,39.03,2.92940840240069,7.2268551,27.18,27.21,141.0
2862,Tajikistan,2010,26.52,42.45,2.92940840240069,8.73687645,29.9,29.93,128.0
3125,Tajikistan,2011,26.521,49.09,2.94627036296085,10.93632418,30.71,31.04,117.0
3388,Tajikistan,2012,26.545,57.38,2.96313232352101,15.42647015,36.69,37.09,108.0
3651,Tajikistan,2013,26.589,68.29,2.97999428408117,19.8661455,42.28,42.41,100.0
3914,Tajikistan,2014,26.655,73.94,3.0222068508351,23.04670039,45.98,46.22,91.0
4177,Tajikistan,2015,26.742,63.64,3.0391238561856,18.84089849,39.83,40.04,86.0
4440,Tajikistan,2016,26.851,55.8,3.0391238561856,15.94582849,36.83,36.96,85.0
4703,Tajikistan,2017,26.982,57.87,3.0391238561856,16.78535686,36.55,36.66,85.0
4966,Tajikistan,2018,27.134,59.66,3.0391238561856,16.13650176,40.82,40.94,84.0
5229,Tajikistan,2019,27.309,61.77,3.0463289862382,16.87164916,43.99,44.08,83.0
