,country,year,c_dollar2_poverty,c_forest_area,c_health_expenditure,c_out_of_pocket,c_physician,c_tuberculosis,c_urban_pop
244,Tanzania,2000,22.309,12.26,60.5893090991194,2.67699855,4.72,4.97,503.0
507,Tanzania,2001,22.674,15.08,60.1693497403477,3.8777726,6.17,6.44,506.0
770,Tanzania,2002,23.044,16.93,59.749390381576,4.8084618,7.2,7.48,509.0
1033,Tanzania,2003,23.611,20.26,59.3294310228042,5.65674197,8.11,9.12,510.0
1296,Tanzania,2004,24.223,23.29,58.9094716640325,7.98547349,8.71,9.01,510.0
1559,Tanzania,2005,24.845,27.53,58.4895123052608,10.0638583,9.28,9.6,510.0
1822,Tanzania,2006,25.478,35.36,58.069552946489,11.07694083,9.11,9.42,504.0
2085,Tanzania,2007,26.121,35.99,57.6495935877173,10.14873272,10.25,10.58,492.0
2348,Tanzania,2008,26.776,36.01,57.2296342289456,14.63200335,11.73,12.1,474.0
2611,Tanzania,2009,27.439,33.39,56.8096748701739,9.79097018,11.57,11.91,452.0
2874,Tanzania,2010,28.114,36.9,56.3897155114021,10.24126164,11.77,12.11,426.0
3137,Tanzania,2011,28.798,37.43,55.9697538947844,9.52736615,10.46,11.09,401.0
3400,Tanzania,2012,29.493,41.64,55.5497922781666,9.75564048,10.28,11.76,378.0
3663,Tanzania,2013,30.196,43.09,55.1298306615489,10.99192166,10.38,11.21,336.0
3926,Tanzania,2014,30.904,39.48,54.7098690449311,11.79396511,10.26,10.48,327.0
4189,Tanzania,2015,31.617,32.91,54.2899074283134,11.33689941,8.5,9.12,306.0
4452,Tanzania,2016,32.333,36.26,53.7604425378189,14.73167747,7.94,8.33,287.0
4715,Tanzania,2017,33.053,38.66,53.2309776473245,14.94065628,8.25,8.56,269.0
4978,Tanzania,2018,33.776,40.83,52.70151275683,15.33809599,8.51,8.82,253.0
5241,Tanzania,2019,34.5,39.56,52.1720478663355,16.01981692,8.67,8.99,237.0
