,country,year,c_dollar2_poverty,c_forest_area,c_health_expenditure,c_out_of_pocket,c_physician,c_tuberculosis,c_urban_pop
1024,Timor-Leste,2003,25.343,15.03,63.5440484196369,6.89100123,6.15,6.9,498.0
1287,Timor-Leste,2004,25.71,19.86,63.4498991257566,7.79160423,6.87,8.07,498.0
1550,Timor-Leste,2005,26.041,25.17,63.3557498318763,10.12390728,8.36,9.91,498.0
1813,Timor-Leste,2006,26.374,27.4,63.261600537996,10.93988977,6.03,6.7,498.0
2076,Timor-Leste,2007,26.709,30.09,63.1674512441157,5.14821722,5.49,5.63,498.0
2339,Timor-Leste,2008,27.048,43.27,63.0733019502354,21.11171712,4.99,4.99,498.0
2602,Timor-Leste,2009,27.389,49.87,62.9791526563551,22.14456238,4.41,4.47,498.0
2865,Timor-Leste,2010,27.732,52.43,62.8850033624748,26.64465476,6.06,6.22,498.0
3128,Timor-Leste,2011,28.079,64.28,62.7908540685945,33.40672935,6.38,6.66,498.0
3391,Timor-Leste,2012,28.428,71.32,62.6967047747142,42.30392673,6.77,6.79,498.0
3654,Timor-Leste,2013,28.779,102.55,62.6025554808339,53.42837834,7.15,7.15,498.0
3917,Timor-Leste,2014,29.133,92.88,62.5084061869536,50.40385541,7.34,10.63,498.0
4180,Timor-Leste,2015,29.49,101.42,62.4142568930733,58.25115503,7.46,11.44,498.0
4443,Timor-Leste,2016,29.85,92.98,62.320107599193,46.15527838,7.35,10.42,498.0
4706,Timor-Leste,2017,30.212,86.75,62.2461331540013,57.24564865,7.24,10.08,498.0
4969,Timor-Leste,2018,30.578,78.95,62.1318090114324,48.74410377,8.02,8.02,498.0
5232,Timor-Leste,2019,30.947,79.26,62.0376597175521,45.71537655,8.31,8.31,498.0
