,country,year,c_dollar2_poverty,c_forest_area,c_health_expenditure,c_out_of_pocket,c_physician,c_tuberculosis,c_urban_pop
237,Tonga,2000,23.012,53.43,12.4305555555556,42.38148195,7.74,10.41,27.0
500,Tonga,2001,23.041,55.32,12.4305555555556,39.51485546,6.67,8.97,13.0
763,Tonga,2002,23.069,62.7,12.4305555555556,45.27604056,7.76,10.42,32.0
1026,Tonga,2003,23.098,68.09,12.4305555555556,48.01975231,8.7,11.71,18.0
1289,Tonga,2004,23.127,102.74,12.4305555555556,55.97665654,10.25,13.75,13.0
1552,Tonga,2005,23.155,108.33,12.4305555555556,64.51112751,11.53,17.13,20.0
1815,Tonga,2006,23.184,149.32,12.4305555555556,77.7793252,11.82,19.25,19.0
2078,Tonga,2007,23.227,134.67,12.4305555555556,90.4791962,13.24,20.49,25.0
2341,Tonga,2008,23.281,191.02,12.4305555555556,91.31745823,14.27,21.09,14.0
2604,Tonga,2009,23.335,117.48,12.4305555555556,91.00888109,13.54,21.47,8.6
2867,Tonga,2010,23.389,166.61,12.4305555555556,98.85756313,14.16,24.29,12.0
3130,Tonga,2011,23.443,155.89,12.4305555555556,111.95950082,14.89,24.5,9.6
3393,Tonga,2012,23.435,207.01,12.4305555555556,109.00793241,14.36,22.59,12.0
3656,Tonga,2013,23.382,163.81,12.4305555555556,114.40733541,13.84,22.03,11.0
3919,Tonga,2014,23.328,202.64,12.4305555555556,116.97520537,12.84,21.04,14.0
4182,Tonga,2015,23.275,169.95,12.4305555555556,105.05379861,11.3,19.04,15.0
4445,Tonga,2016,23.222,191.94,12.4305555555556,118.98806251,10.33,18.04,8.7
4708,Tonga,2017,23.169,212.57,12.4305555555556,127.24143285,11.31,19.75,12.0
4971,Tonga,2018,23.131,219.29,12.4305555555556,146.11259024,12.38,21.54,9.8
5234,Tonga,2019,23.107,229.94,12.4305555555556,140.10083725,12.41,21.66,11.0
