,country,year,c_dollar2_poverty,c_forest_area,c_health_expenditure,c_out_of_pocket,c_physician,c_tuberculosis,c_urban_pop
241,Tunisia,2000,63.432,109.57,4.29872554067971,57.71137408,42.33,51.75,26.0
504,Tunisia,2001,63.818,112.57,4.31132852729145,58.74680753,44.41,53.72,25.0
767,Tunisia,2002,64.202,123.13,4.32393151390319,63.73626619,49.5,59.29,24.0
1030,Tunisia,2003,64.585,147.15,4.33653450051493,75.65111784,60.18,71.39,25.0
1293,Tunisia,2004,64.95,165.23,4.34913748712667,84.47537627,68.6,80.65,25.0
1556,Tunisia,2005,65.237,167.67,4.36174047373841,85.2130318,70.62,82.35,26.0
1819,Tunisia,2006,65.524,176.49,4.37434346035015,92.23583883,75.32,83.7,26.0
2082,Tunisia,2007,65.809,199.67,4.3869464469619,106.58627784,85.59,91.97,28.0
2345,Tunisia,2008,66.093,227.53,4.39954943357364,123.49191695,97.37,102.22,27.0
2608,Tunisia,2009,66.376,228.49,4.41215242018538,125.74589452,97.16,100.4,26.0
2871,Tunisia,2010,66.657,237.9,4.42475540679712,132.6396633,100.17,102.41,28.0
3134,Tunisia,2011,66.938,267.08,4.4346035015448,150.66965936,111.06,112.72,35.0
3397,Tunisia,2012,67.218,266.31,4.44445159629248,151.6999503,109.13,114.34,37.0
3660,Tunisia,2013,67.495,280.64,4.45429969104016,165.83486171,109.63,114.52,35.0
3923,Tunisia,2014,67.772,283.72,4.46414778578785,164.93524154,107.83,118.61,35.0
4186,Tunisia,2015,68.056,247.34,4.47399588053553,133.55028476,97.69,113.71,38.0
4449,Tunisia,2016,68.346,237.58,4.48384397528321,130.42872018,94.29,105.62,38.0
4712,Tunisia,2017,68.642,220.84,4.4936920700309,119.58827931,89.47,100.23,34.0
4975,Tunisia,2018,68.945,212.38,4.50354016477858,111.61669023,89.02,99.72,35.0
5238,Tunisia,2019,69.254,189.75,4.51338825952626,97.74988401,81.4,91.19,35.0
