,country,year,c_dollar2_poverty,c_forest_area,c_health_expenditure,c_out_of_pocket,c_physician,c_tuberculosis,c_urban_pop
242,Turkiye,2000,64.741,196.78,26.1792679599288,121.36707148,56.28,75.41,33.0
505,Turkiye,2001,65.34,151.55,26.3007198264101,101.91659753,35.51,49.63,31.0
768,Turkiye,2002,65.974,184.31,26.4221716928914,128.96664191,37.45,55.34,32.0
1031,Turkiye,2003,66.602,235.91,26.5436235593727,167.98497175,44.66,67.93,31.0
1294,Turkiye,2004,67.225,296.14,26.665075425854,212.34577122,59.76,83.79,30.0
1557,Turkiye,2005,67.84,360.65,26.7865272923353,244.32760431,87.19,116.31,33.0
1820,Turkiye,2006,68.45,411.87,26.9079791588166,283.57842275,97.4,128.29,33.0
2083,Turkiye,2007,69.053,506.39,27.0294310252979,348.31591705,120.95,158.08,31.0
2346,Turkiye,2008,69.651,563.64,27.1508828917792,409.72580538,108.12,153.91,29.0
2609,Turkiye,2009,70.241,493.93,27.2723347582605,397.608327,71.66,96.32,27.0
2872,Turkiye,2010,70.825,532.93,27.3937866247418,415.67595701,89.92,117.25,25.0
3135,Turkiye,2011,71.402,526.18,27.535990021179,416.35453818,83.64,109.82,24.0
3398,Turkiye,2012,71.974,519.89,27.6781934176163,411.60263897,82.83,108.29,22.0
3661,Turkiye,2013,72.531,546.72,27.8203968140535,428.35536778,92.54,118.37,20.0
3924,Turkiye,2014,73.077,519.9,27.9626002104908,403.47212156,92.15,116.43,20.0
4187,Turkiye,2015,73.611,446.76,28.104803606928,349.07028076,75.72,97.69,18.0
4450,Turkiye,2016,74.134,459.93,28.104803606928,360.77966872,75.73,99.15,18.0
4713,Turkiye,2017,74.644,437.37,28.2635292283305,339.88190749,76.03,97.49,17.0
4976,Turkiye,2018,75.143,387.66,28.4660940971636,299.97739134,67.81,87.68,16.0
5239,Turkiye,2019,75.63,397.41,28.6687888985616,308.72858349,67.75,88.68,16.0
