,country,year,c_dollar2_poverty,c_forest_area,c_health_expenditure,c_out_of_pocket,c_physician,c_tuberculosis,c_urban_pop
243,Tuvalu,2000,46.018,349.95,33.3333333333333,348.06542367,0.36,1.82,196.0
506,Tuvalu,2001,46.429,268.2,33.3333333333333,246.79731052,1.86,9.3,194.0
769,Tuvalu,2002,46.841,217.83,33.3333333333333,192.67772725,2.59,12.94,156.0
1032,Tuvalu,2003,47.656,289.57,33.3333333333333,250.39515971,3.45,17.26,367.0
1295,Tuvalu,2004,48.678,230.17,33.3333333333333,206.18249379,3.23,16.13,186.0
1558,Tuvalu,2005,49.699,244.13,33.3333333333333,222.92557813,3.08,15.4,138.0
1821,Tuvalu,2006,50.721,294.8,33.3333333333333,237.48073339,2.21,11.05,102.0
2084,Tuvalu,2007,51.743,294.89,33.3333333333333,264.82941733,3.07,15.35,203.0
2347,Tuvalu,2008,52.765,314.0,33.3333333333333,289.58221861,3.75,18.75,190.0
2610,Tuvalu,2009,53.782,330.92,33.3333333333333,270.59795072,2.73,13.63,199.0
2873,Tuvalu,2010,54.796,476.29,33.3333333333333,401.48090215,3.07,15.36,153.0
3136,Tuvalu,2011,55.807,516.6,33.3333333333333,435.65651616,4.1,20.51,130.0
3399,Tuvalu,2012,56.815,492.84,33.3333333333333,429.10033502,4.0,20.01,203.0
3662,Tuvalu,2013,57.814,507.16,33.3333333333333,349.77318822,3.89,19.46,191.0
3925,Tuvalu,2014,58.786,522.54,33.3333333333333,429.64420364,3.72,18.61,157.0
4188,Tuvalu,2015,59.73,457.81,33.3333333333333,343.24376944,1.17,5.86,207.0
4451,Tuvalu,2016,60.645,520.0,33.3333333333333,391.67428512,3.7,18.51,205.0
4714,Tuvalu,2017,61.53,660.23,33.3333333333333,444.70657092,3.36,20.49,233.0
4977,Tuvalu,2018,62.387,801.17,33.3333333333333,663.04403056,2.94,17.94,270.0
5240,Tuvalu,2019,63.215,,33.3333333333333,774.1413532,3.34,25.21,296.0
