,country,year,c_dollar2_poverty,c_forest_area,c_health_expenditure,c_out_of_pocket,c_physician,c_tuberculosis,c_urban_pop
245,Uganda,2000,14.786,16.41,15.8297882988839,4.09847973,7.06,7.15,276.0
508,Uganda,2001,15.201,15.99,15.6233271608028,4.27364978,6.94,7.02,266.0
771,Uganda,2002,15.626,15.74,15.4168660227216,4.83840986,6.93,7.1,256.0
1034,Uganda,2003,16.061,14.23,15.2104048846404,4.87938936,6.46,6.7,248.0
1297,Uganda,2004,16.507,18.61,15.0039437465592,5.41712455,7.14,7.48,240.0
1560,Uganda,2005,16.96,25.88,14.7974826084781,4.60533968,12.58,13.0,233.0
1823,Uganda,2006,17.425,31.63,14.5910214703969,4.80454293,17.09,17.58,227.0
2086,Uganda,2007,17.899,36.13,14.3845603323157,6.11466862,19.69,20.27,222.0
2349,Uganda,2008,18.384,40.08,14.1780991942345,6.93159811,21.14,21.78,217.0
2612,Uganda,2009,18.878,44.42,13.9716380561533,6.35284753,19.03,19.64,213.0
2875,Uganda,2010,19.383,51.96,13.7164372631159,8.37910957,19.43,20.14,210.0
3138,Uganda,2011,19.898,55.31,13.5107121484141,7.50490046,18.26,20.04,207.0
3401,Uganda,2012,20.424,55.14,13.3049870337123,8.34868601,20.69,21.42,205.0
3664,Uganda,2013,20.958,53.0,13.0992619190106,8.93045063,22.54,24.23,203.0
3927,Uganda,2014,21.504,51.04,12.8935368043088,9.09352759,20.49,23.59,202.0
4190,Uganda,2015,22.06,40.16,12.687811689607,6.08510735,15.85,16.83,202.0
4453,Uganda,2016,22.624,39.13,12.4820965489727,6.13544359,15.89,16.85,201.0
4716,Uganda,2017,23.196,31.48,12.2763814083383,5.02771541,11.99,12.87,201.0
4979,Uganda,2018,23.774,32.99,12.070666267704,5.53423091,11.75,13.1,200.0
5242,Uganda,2019,24.361,33.4,11.8649012567325,5.04973068,12.78,14.32,200.0
