,country,year,c_dollar2_poverty,c_forest_area,c_health_expenditure,c_out_of_pocket,c_physician,c_tuberculosis,c_urban_pop
246,Ukraine,2000,67.145,35.1,16.4149477863122,16.61098197,16.99,18.44,114.0
509,Ukraine,2001,67.183,44.77,16.4215068611375,21.89778135,21.12,22.83,119.0
772,Ukraine,2002,67.283,52.88,16.4283495011565,27.10006086,23.86,25.73,123.0
1035,Ukraine,2003,67.427,68.88,16.4349086891981,38.40133133,28.26,30.45,126.0
1298,Ukraine,2004,67.597,84.5,16.4414678772396,46.64234269,34.99,37.5,127.0
1561,Ukraine,2005,67.79,116.28,16.4468915047119,68.27629058,44.14,47.72,127.0
1824,Ukraine,2006,67.969,148.42,16.4540182270091,89.68373253,53.63,58.01,125.0
2087,Ukraine,2007,68.147,186.13,16.4614295824487,110.1804054,67.86,74.72,123.0
2350,Ukraine,2008,68.325,216.24,16.4682731478285,125.55999759,81.72,89.22,119.0
2613,Ukraine,2009,68.502,168.68,16.4748325623144,98.23174249,63.1,69.08,115.0
2876,Ukraine,2010,68.596,202.82,16.4813919768004,109.75920689,84.89,91.57,110.0
3139,Ukraine,2011,68.689,244.34,16.5190223020093,122.72827741,113.16,120.56,105.0
3402,Ukraine,2012,68.782,275.51,16.5566526272181,144.80458796,121.06,129.14,101.0
3665,Ukraine,2013,68.875,280.85,16.594282952427,135.0951425,135.28,143.87,96.0
3928,Ukraine,2014,68.968,212.6,16.6327746033938,102.0378818,102.41,108.63,94.0
4191,Ukraine,2015,69.061,157.36,16.6704068773844,74.49317819,75.98,80.16,91.0
4454,Ukraine,2016,69.154,157.12,16.6824906350878,75.77478162,76.05,79.45,87.0
4717,Ukraine,2017,69.246,186.67,16.6942862074918,88.11864764,91.91,95.45,84.0
4980,Ukraine,2018,69.352,221.47,16.7034863652054,102.80975374,112.19,116.41,80.0
5243,Ukraine,2019,69.473,246.91,16.7138419054194,110.59348329,126.22,134.64,77.0
