,country,year,c_dollar2_poverty,c_forest_area,c_health_expenditure,c_out_of_pocket,c_physician,c_tuberculosis,c_urban_pop
8,United Arab Emirates,2000,80.236,753.08,4.35694170656153,518.3453469,166.3,234.73,4.0
271,United Arab Emirates,2001,80.655,743.05,4.36802309208674,572.22633134,112.1,170.82,2.5
534,United Arab Emirates,2002,81.067,821.35,4.37910447761194,502.90020819,230.32,318.44,2.8
797,United Arab Emirates,2003,81.472,862.9,4.39018586313714,528.74468022,236.93,334.16,3.5
1060,United Arab Emirates,2004,81.871,911.39,4.40126724866235,520.47190357,277.14,390.92,2.6
1323,United Arab Emirates,2005,82.262,978.9,4.41234863418755,556.41959179,295.03,422.48,2.8
1586,United Arab Emirates,2006,82.648,,4.42343001971276,604.17721866,313.24,450.16,2.1
1849,United Arab Emirates,2007,83.023,,4.43451140523796,661.14250772,325.38,465.67,1.9
2112,United Arab Emirates,2008,83.387,,4.44559279076317,844.85498516,332.29,477.08,1.5
2375,United Arab Emirates,2009,83.742,,4.45667417628837,946.64991214,206.85,338.11,1.7
2638,United Arab Emirates,2010,84.087,,4.46775556181357,938.96161528,237.82,386.24,1.8
2901,United Arab Emirates,2011,84.423,,4.46775556181357,1086.89579271,253.4,413.91,1.4
3164,United Arab Emirates,2012,84.749,,4.46775556181357,1074.190591,247.86,406.54,1.0
3427,United Arab Emirates,2013,85.066,,4.46775556181357,1152.66533858,274.76,448.89,1.1
3690,United Arab Emirates,2014,85.375,,4.46775556181357,1175.55977789,294.95,480.71,0.78
3953,United Arab Emirates,2015,85.674,,4.46775556181357,1025.51687108,256.05,413.78,0.79
4216,United Arab Emirates,2016,85.965,,4.46775556181357,992.41150866,258.67,383.49,0.82
4479,United Arab Emirates,2017,86.248,,4.46775556181357,946.17659895,197.08,780.06,0.84
4742,United Arab Emirates,2018,86.522,,4.46775556181357,987.69230622,243.12,927.24,1.0
5005,United Arab Emirates,2019,86.789,,4.46775556181357,1015.12313865,244.37,932.01,1.0
