,country,year,c_dollar2_poverty,c_forest_area,c_health_expenditure,c_out_of_pocket,c_physician,c_tuberculosis,c_urban_pop
81,United Kingdom,2000,78.651,,12.2101434299177,1556.97355037,364.97,476.04,12.0
344,United Kingdom,2001,78.751,,12.2535444136734,1607.77687815,335.79,451.85,11.0
607,United Kingdom,2002,79.047,,12.296945397429,1848.25483781,346.65,470.91,13.0
870,United Kingdom,2003,79.339,,12.3403463811846,2196.64480592,458.57,594.62,13.0
1133,United Kingdom,2004,79.629,,12.3837473649403,2713.43341997,505.29,659.2,13.0
1396,United Kingdom,2005,79.915,,12.4271483486959,2887.76735327,491.9,659.02,15.0
1659,United Kingdom,2006,80.199,,12.4705493324515,3153.05068018,536.53,713.52,15.0
1922,United Kingdom,2007,80.479,,12.5139503162072,3577.32923636,595.6,798.05,15.0
2185,United Kingdom,2008,80.757,,12.5573512999628,3505.15366624,600.68,801.36,15.0
2448,United Kingdom,2009,81.031,,12.6007522837184,3178.7273463,579.96,744.01,15.0
2711,United Kingdom,2010,81.302,,12.6441532674741,3207.3583038,593.87,758.2,14.0
2974,United Kingdom,2011,81.57,,12.7235150663415,3403.94008692,629.07,804.36,15.0
3237,United Kingdom,2012,81.837,,12.8028768652089,3429.22537959,647.93,823.89,15.0
3500,United Kingdom,2013,82.102,,12.8822386640764,3471.21802818,668.56,845.48,13.0
3763,United Kingdom,2014,82.365,,12.9616004629438,3792.63337621,731.53,921.21,12.0
4026,United Kingdom,2015,82.626,,13.0409622618113,3574.71414873,699.54,871.81,10.0
4289,United Kingdom,2016,82.886,,13.0574959699087,3265.31094409,636.03,772.04,9.9
4552,United Kingdom,2017,83.143,,13.0781631050304,3158.71082921,632.34,771.14,8.9
4815,United Kingdom,2018,83.398,,13.1153639482495,3386.14844814,691.33,840.96,8.1
5078,United Kingdom,2019,83.652,,13.1525647914686,3421.84114953,698.92,842.78,8.1
