,country,year,c_dollar2_poverty,c_forest_area,c_health_expenditure,c_out_of_pocket,c_physician,c_tuberculosis,c_urban_pop
248,Uruguay,2000,92.028,693.68,7.82196320420523,288.19807284,174.58,405.33,23.0
511,Uruguay,2001,92.303,673.93,8.02896811792938,302.6208672,162.17,371.17,24.0
774,Uruguay,2002,92.569,432.8,8.23597303165353,207.46177742,93.9,225.25,19.0
1037,Uruguay,2003,92.828,380.19,8.44297794537767,199.09300462,81.2,180.84,22.0
1300,Uruguay,2004,93.078,372.46,8.64998285910182,194.83590317,90.49,177.28,25.0
1563,Uruguay,2005,93.319,441.0,8.85698777282596,199.22812725,114.4,241.77,22.0
1826,Uruguay,2006,93.553,495.72,9.06399268655011,236.39301775,117.83,259.32,19.0
2089,Uruguay,2007,93.779,572.52,9.27099760027425,277.86012684,133.76,294.66,21.0
2352,Uruguay,2008,93.998,803.44,9.4780025139984,452.45628376,171.08,350.5,24.0
2615,Uruguay,2009,94.209,817.64,9.68500742772255,485.12798484,169.67,332.18,24.0
2878,Uruguay,2010,94.414,,9.89201234144669,619.61656321,211.41,412.61,24.0
3141,Uruguay,2011,94.612,,10.1076448405896,757.60440988,239.39,474.01,28.0
3404,Uruguay,2012,94.739,,10.3232773397326,855.90172373,246.09,476.46,28.0
3667,Uruguay,2013,94.843,,10.5389098388756,997.08403079,265.53,503.13,30.0
3930,Uruguay,2014,94.945,,10.7545423380185,1008.19157123,253.02,471.04,29.0
4193,Uruguay,2015,95.045,,10.9701748371615,964.71774085,238.64,445.33,30.0
4456,Uruguay,2016,95.144,,11.1244429208091,1011.29452669,239.12,442.96,30.0
4719,Uruguay,2017,95.24,,11.2444292080905,1147.4230481,273.18,508.3,31.0
4982,Uruguay,2018,95.334,,11.364415495372,1172.97641509,275.71,524.04,34.0
5245,Uruguay,2019,95.426,,11.4844017826534,1116.95651634,259.3,560.14,35.0
