,country,year,c_dollar2_poverty,c_forest_area,c_health_expenditure,c_out_of_pocket,c_physician,c_tuberculosis,c_urban_pop
250,Uzbekistan,2000,46.126,35.41,6.7928870436847,13.88843581,21.52,21.63,99.0
513,Uzbekistan,2001,46.606,30.27,6.88276941852809,11.75811352,18.42,18.51,107.0
776,Uzbekistan,2002,47.088,24.34,6.97181030072653,9.15253583,15.11,15.18,113.0
1039,Uzbekistan,2003,47.571,25.43,7.06140195513872,9.29069364,15.08,15.16,117.0
1302,Uzbekistan,2004,48.054,27.8,7.15084351834219,10.36715123,16.56,16.68,119.0
1565,Uzbekistan,2005,48.537,32.25,7.23996269350165,12.24244622,18.58,18.72,120.0
1828,Uzbekistan,2006,49.021,37.65,7.32899942640817,15.27716779,21.42,21.58,116.0
2091,Uzbekistan,2007,49.505,46.5,7.41577282652574,18.39873088,27.03,27.24,110.0
2354,Uzbekistan,2008,49.989,60.78,7.50509144040719,24.75395447,34.84,35.1,105.0
2617,Uzbekistan,2009,50.472,71.37,7.59450412322655,29.71840016,40.27,40.57,101.0
2880,Uzbekistan,2010,50.956,92.13,7.6844723004781,36.90620172,53.48,53.85,97.0
3143,Uzbekistan,2011,51.15,108.98,7.77762735510281,43.25682451,63.4,63.84,93.0
3406,Uzbekistan,2012,51.05,126.9,7.86948141349243,53.43008325,71.37,71.86,89.0
3669,Uzbekistan,2013,50.95,139.59,7.96137580342781,58.60711528,78.24,78.77,86.0
3932,Uzbekistan,2014,50.85,117.57,8.05307155527101,61.37660105,53.39,53.94,82.0
4195,Uzbekistan,2015,50.75,131.75,8.05583295506128,65.58451086,63.78,64.35,79.0
4458,Uzbekistan,2016,50.65,129.12,8.1397486557828,56.28883223,70.58,71.59,76.0
4721,Uzbekistan,2017,50.55,93.05,8.19844389770035,38.61189398,52.75,53.45,73.0
4984,Uzbekistan,2018,50.478,82.34,8.25712061408984,31.42724029,49.68,50.24,70.0
5247,Uzbekistan,2019,50.433,98.59,8.31637366503615,40.99909314,56.87,57.54,67.0
