,country,year,c_dollar2_poverty,c_forest_area,c_health_expenditure,c_out_of_pocket,c_physician,c_tuberculosis,c_urban_pop
261,Zambia,2000,34.802,26.04,63.2965199962335,11.58177915,6.92,13.67,759.0
524,Zambia,2001,35.002,26.32,63.2483622324756,12.47637339,7.04,12.0,728.0
787,Zambia,2002,35.475,27.11,63.2002044687176,11.80589694,6.61,11.63,695.0
1050,Zambia,2003,35.951,32.52,63.1520467049597,11.03811206,7.71,15.13,662.0
1313,Zambia,2004,36.43,39.2,63.1038889412018,13.42873333,9.81,15.17,631.0
1576,Zambia,2005,36.911,49.43,63.0557311774439,13.1881814,15.55,18.8,602.0
1839,Zambia,2006,37.395,62.61,63.0075734136859,18.39156354,20.39,24.83,577.0
2102,Zambia,2007,37.881,49.34,62.959415649928,11.08832537,16.37,20.63,554.0
2365,Zambia,2008,38.371,55.92,62.9112578861701,8.08143767,19.61,24.38,534.0
2628,Zambia,2009,38.861,50.96,62.8631001224122,5.0446882,13.22,16.77,514.0
2891,Zambia,2010,39.355,54.65,62.8149423586543,12.36169923,13.37,17.35,495.0
3154,Zambia,2011,39.851,56.9,62.5618047054709,19.79340905,12.28,16.14,475.0
3417,Zambia,2012,40.354,67.98,62.3086670522875,22.44765441,11.85,15.37,456.0
3680,Zambia,2013,40.865,86.34,62.0555293991041,24.11040748,9.86,14.96,437.0
3943,Zambia,2014,41.382,66.05,61.8023917459207,32.66482931,9.13,11.89,406.0
4206,Zambia,2015,41.907,57.99,61.5492540927373,27.33458017,7.1,9.57,391.0
4469,Zambia,2016,42.438,55.98,61.2959550168821,21.43438574,6.78,10.76,376.0
4732,Zambia,2017,42.976,65.82,61.0428846231453,26.76276481,7.76,12.49,361.0
4995,Zambia,2018,43.521,74.6,60.789706614294,29.31104456,7.68,12.34,346.0
5258,Zambia,2019,44.072,67.46,60.5365151535533,27.09344295,6.89,10.92,333.0
