,country,c_dollar2_poverty,c_forest_area,c_health_expenditure,c_out_of_pocket,c_physician,c_tuberculosis,c_urban_pop,y_mean,y_median,y_variance
0,Angola,59.01674999999999,85.49949999999998,58.101811382048616,46.943031746500004,24.1085,36.039,359.3,24.990476190476198,24.2,5.8599047619047635
1,Albania,51.02752631578947,211.1878947368421,28.48870533999231,88.27026422842107,117.84789473684211,117.88526315789473,18.31578947368421,16.338095238095235,16.6,12.201476190476187
2,United Arab Emirates,83.76304999999999,845.1116666666667,4.4372817516192615,832.5563112355,250.183,458.77200000000005,1.7965,21.395238095238096,21.1,3.445476190476188
3,Argentina,90.68355,587.27,11.197029988782072,535.5196985160001,243.95699999999997,341.31399999999996,28.4,17.885714285714286,17.8,2.295285714285714
4,Armenia,63.604600000000005,252.01550000000003,11.61443624868282,42.318524121,198.50650000000002,201.41300000000004,57.7,23.938095238095237,25.0,5.3944761904761895
5,Antigua and Barbuda,27.34855,697.2365,20.0346590909091,396.16997726049993,181.00050000000005,300.46000000000004,4.865,18.12857142857143,17.9,0.6601428571428575
6,Australia,85.10010000000001,,17.125367423714767,3044.237376509,688.946875,654.8828571428572,6.3549999999999995,10.247619047619049,9.9,1.9046190476190479
7,Austria,58.32815000000001,,46.82988366456617,3150.5165075524997,784.0422222222222,670.4125,10.25,12.319047619047618,12.2,1.645619047619047
8,Azerbaijan,53.458349999999996,120.4855,12.596218127827333,41.805349344,77.4075,77.4075,82.8,29.952380952380956,29.8,3.0626190476190502
9,Burundi,10.61825,16.5855,8.720210280373838,4.520343497,5.090000000000001,7.162999999999999,167.45,28.952380952380956,27.9,13.114619047619044
10,Belgium,97.61175,,22.571458058124186,3047.20759897,778.2950000000002,685.5671428571429,10.735000000000001,12.714285714285714,12.8,2.2332857142857145
11,Benin,42.894600000000004,26.987000000000002,32.45964881163535,6.431372914000001,12.471000000000002,13.913499999999999,68.35,24.142857142857142,24.1,0.7115714285714286
12,Burkina Faso,24.17505,27.661,24.639857456140355,9.212035302999999,9.082,10.699499999999999,58.6,25.014285714285712,25.1,0.22828571428571487
13,Bangladesh,30.224399999999992,22.715,14.561024007067681,4.6705961895,15.706999999999999,16.3025,221.0,21.00952380952381,21.5,4.188904761904761
14,Bulgaria,72.11510000000001,423.867,33.794643355605885,238.1313704135,178.9835,185.739,40.55,25.85714285714286,25.6,2.572571428571429
15,Bahrain,88.70819999999999,638.7425,0.6829344557196763,526.8545847785001,229.285,290.57949999999994,24.85,20.738095238095244,18.2,27.371476190476187
16,"Bahamas, The",82.46625,967.875,50.93506493506491,634.2387237854999,394.60349999999994,768.5875,16.0,19.88095238095238,19.8,0.38561904761904775
17,Bosnia and Herzegovina,45.425650000000005,358.61299999999994,41.60719238281249,235.02659227750001,118.93299999999999,119.75000000000003,53.1,20.195238095238093,20.1,1.6754761904761897
18,Belarus,74.50385000000001,266.6545,42.150780400578036,180.242258935,76.8565,85.6475,60.4,29.409523809523805,30.7,17.439904761904767
19,Belize,45.381299999999996,232.5205,60.67480271810609,145.550462736,60.9875,75.8955,36.75,17.523809523809522,16.6,3.4089047619047603
20,Bolivia,66.0504,116.77000000000001,49.05447613772731,73.5419233575,33.9195,38.99100000000001,140.05,18.51904761904762,18.1,0.6756190476190478
21,Brazil,84.13354999999999,628.7272222222223,62.086304787907366,287.7216342245,194.68200000000002,379.213,46.6,17.933333333333334,17.7,3.5843333333333347
22,Barbados,32.16005,772.5716666666667,14.6511627906977,537.806834195,417.87600000000003,488.5089999999999,2.1375,16.204761904761902,16.2,0.2804761904761904
23,Brunei Darussalam,74.71565,685.492,72.99335863377607,615.5448578769999,69.94800000000001,69.94800000000001,66.2,20.36190476190476,19.9,3.5604761904761917
24,Bhutan,34.14895,69.40950000000001,69.78289335064923,49.4970366855,11.618999999999998,12.376,190.25,20.1,19.4,2.2199999999999998
25,Botswana,61.470600000000005,329.5005,29.108834894923508,207.22562359499997,18.484499999999997,91.7885,560.3,32.60476190476191,31.3,14.273476190476194
26,Central African Republic,39.14350000000001,19.315,36.30614144916369,3.419527048,10.108,10.3095,540.0,38.900000000000006,39.1,2.2659999999999996
27,Canada,80.68114999999999,,38.744002235212626,2930.6258189155005,632.0905,675.59,5.555000000000001,11.580952380952382,11.1,2.2836190476190477
28,Switzerland,73.5906,,31.174832226095646,2326.6363877545,,,7.45,9.80952380952381,9.7,1.8479047619047613
29,Chile,87.01780000000001,569.7408333333334,22.65101838253096,390.42523613300006,298.631,447.5260000000001,17.45,12.600000000000001,12.9,2.089
30,China,48.337650000000004,224.914,21.143966359839045,119.63325786749999,89.41099999999999,105.178,79.95,19.228571428571428,19.0,6.485142857142856
31,Cote d'Ivoire,47.14045,67.26950000000002,12.647874999999999,11.420188123500001,38.501999999999995,48.701,222.65,25.180952380952384,25.6,3.973619047619048
32,Cameroon,51.257400000000004,47.755500000000005,44.35310814241289,6.7545005825,34.42700000000001,37.29950000000001,261.35,26.838095238095235,27.4,2.649476190476191
33,"Congo, Dem. Rep.",39.877900000000004,13.6955,60.22877903001698,1.4245739385,6.392999999999999,7.475499999999997,325.6,26.05714285714286,26.7,2.543571428571429
34,"Congo, Rep.",63.03430000000001,46.41349999999999,64.65754026354318,18.4336918665,19.514499999999995,20.948,391.05,27.74285714285715,27.6,12.59157142857143
35,Colombia,77.68469999999999,366.466,54.983713159080665,261.816702394,59.3045,103.89200000000001,32.95,11.766666666666666,11.1,3.3073333333333323
36,Comoros,28.203450000000004,68.39849999999998,20.16066630843632,8.297806463,49.972,52.21900000000001,35.3,21.96666666666667,21.4,1.7133333333333336
37,Cabo Verde,60.643449999999994,128.85,10.563275434243174,83.94085512900001,32.87499999999999,35.336999999999996,74.1,15.71904761904762,15.2,0.8986190476190472
38,Costa Rica,70.57314999999998,585.9815,56.87779083431256,413.00631559249996,148.86899999999997,172.15950000000004,13.85,10.695238095238093,10.2,1.1244761904761909
39,Cuba,76.44770000000001,580.7463157894737,27.421654165968455,533.1779690239999,68.45700000000001,68.45700000000001,8.035,17.076190476190483,17.1,0.41290476190476133
40,Cyprus,67.68235000000001,807.7199999999999,18.66128246753246,717.1944497419998,707.2594444444445,736.5827272727273,4.695,10.91904761904762,10.6,3.3906190476190483
41,Czechia,73.55734999999999,630.1371428571429,34.3944060656244,983.6690682505001,163.3165,188.5975,8.58,17.857142857142858,17.8,6.576571428571425
42,Germany,76.53934999999998,,32.66898962311224,3245.2585710525,573.7199999999999,702.8942857142857,7.209999999999999,13.385714285714286,13.0,1.5062857142857147
43,Djibouti,77.0703,52.763499999999986,0.24191113028472788,27.471645833500002,16.144,16.6655,473.4,22.633333333333333,22.5,0.18133333333333365
44,Denmark,86.61015,,14.90104375,4356.295813172501,724.8874999999999,795.755294117647,7.334999999999999,13.847619047619048,13.5,5.417619047619046
45,Dominican Republic,72.41105,239.69549999999998,42.68106263388373,119.32313644400001,90.36699999999999,114.772,57.2,17.633333333333333,17.1,7.126333333333333
46,Algeria,66.9418,201.272,0.7705605128450688,140.9559770635,57.023,60.246,73.55,15.438095238095238,15.2,1.5824761904761915
47,Ecuador,62.44435000000001,285.851,52.8105844338863,147.0329783365,120.48500000000001,137.6455,46.45,12.833333333333336,12.9,1.2193333333333332
48,"Egypt, Arab Rep.",42.90365,103.49550000000002,0.05741800190868451,32.778722314,62.69649999999999,69.9155,18.45,29.009523809523802,29.2,0.6569047619047612
49,Eritrea,34.28530000000001,22.6025,9.356632648118453,4.420444098,10.168500000000002,10.171500000000002,159.4,29.523809523809526,29.6,3.0669047619047616
50,Spain,78.32764999999999,,36.343376730544186,1653.4807604164998,498.7709999999999,644.8,16.294999999999998,11.314285714285713,11.0,1.6322857142857141
51,Estonia,68.60115,532.641,54.886278624266154,663.0226898579999,201.96349999999998,219.36700000000002,32.15,20.84285714285714,19.9,15.051571428571425
52,Ethiopia,17.45565,14.9425,16.222780767651894,3.5823975900000002,5.7155000000000005,7.0295000000000005,276.3,20.552380952380954,19.6,11.097619047619045
53,Finland,83.90895000000002,,73.5096383713042,2966.2265373315,707.1534999999999,785.2927777777778,6.8950000000000005,11.871428571428572,12.0,2.0761428571428575
54,Fiji,52.086650000000006,139.512,58.560550082101805,92.586231917,24.657000000000004,39.2495,32.85,39.66666666666667,39.6,2.054333333333333
55,France,78.26545,,29.759689524528785,2908.5829473265,376.32699999999994,766.4083333333333,10.0,11.957142857142859,11.8,1.2015714285714287
56,"Micronesia, Fed. Sts.",22.401149999999998,315.8005,91.59964285714287,72.72045839949999,10.546999999999999,11.161999999999997,146.75,44.97142857142857,44.7,0.38814285714285685
57,Gabon,84.90929999999999,207.1415,91.73201672682112,105.58934270299999,78.3505,98.5995,554.4,25.423809523809524,25.8,6.362904761904761
58,United Kingdom,81.13395,,12.6756706485347,3016.8106234485003,572.2529999999999,731.0224999999998,12.55,12.838095238095239,12.4,3.76547619047619
59,Georgia,55.40560000000001,232.86249999999995,40.371348395452586,59.9862568485,152.90549999999996,164.2195,145.3,27.052380952380954,26.5,4.701619047619047
60,Ghana,50.35445,57.87449999999999,35.9753603761976,23.869139485500003,22.189499999999995,26.3045,183.0,24.533333333333335,24.7,0.9763333333333326
61,Guinea,33.57685,27.883,26.7987953768517,3.1823106389999998,17.456,18.8405,194.5,24.83809523809524,25.2,1.8444761904761922
62,"Gambia, The",55.200700000000005,30.097,29.927593873517782,6.105157628500001,5.095999999999999,6.680499999999999,179.45,22.21904761904762,22.4,0.3256190476190476
63,Guinea-Bissau,39.94975000000001,41.3335,73.56531827880512,7.729722771000001,20.678,22.188499999999998,353.1,28.319047619047616,29.1,3.431619047619047
64,Equatorial Guinea,63.4218,215.15749999999997,90.41658645276291,46.291660357999994,153.91299999999995,162.617,225.6,23.44761904761905,23.0,2.7706190476190478
65,Greece,76.06384999999999,885.41,29.626607564003102,1113.9958843734998,620.422,708.6725,5.585000000000001,13.485714285714288,13.5,0.5042857142857142
66,Grenada,35.95405,363.2625,52.058823529411804,148.30425770649998,196.55249999999998,211.34699999999998,2.5495,22.842857142857138,23.0,0.8485714285714279
67,Guatemala,48.29964999999999,178.89249999999998,35.4865154908548,62.958379230999995,103.64249999999997,111.73999999999998,27.85,16.1,16.2,0.7199999999999996
68,Guyana,27.1957,163.2135,94.01556134112269,86.9766771875,56.61749999999999,61.54299999999999,100.25,32.647619047619045,33.5,4.21361904761905
69,Honduras,51.55075000000001,137.6755,58.823187952453296,56.05821685149999,67.973,73.79149999999998,53.5,18.361904761904764,17.4,2.45147619047619
70,Croatia,55.16435,681.1741666666667,34.18735053020256,707.478556671,108.38999999999999,143.26350000000002,21.715,19.009523809523813,18.8,4.658904761904759
71,Haiti,46.801300000000005,45.94350000000001,13.498321843251077,6.168287007,17.0195,18.901000000000003,231.6,33.15238095238095,33.7,0.8976190476190473
72,Hungary,68.3129,790.2392857142858,22.31608734054681,590.6030678489999,237.19850000000002,278.744,17.590000000000003,24.885714285714286,24.5,3.899285714285713
73,Indonesia,49.25940000000001,70.93100000000001,52.326296032157344,25.7184247785,32.68149999999999,44.4605,343.45,25.719047619047615,25.8,0.16661904761904764
74,India,30.856749999999998,41.056,23.399622963887275,10.626574207,26.565000000000005,29.999000000000002,291.55,23.114285714285714,22.8,0.9242857142857146
75,Ireland,61.373599999999996,,10.31953113659457,3300.1721445275007,566.635,615.9628571428572,9.750000000000002,12.580952380952382,11.9,5.506619047619047
76,"Iran, Islamic Rep.",70.10499999999999,312.6885,6.341150706051027,128.50959867850003,154.442,184.15949999999998,17.35,16.719047619047622,15.5,3.759619047619047
77,Iceland,93.33075,,0.4198307108357243,3576.979784619,756.9205000000002,761.294375,3.7449999999999997,10.223809523809523,9.9,2.056904761904762
78,Israel,91.8178,,7.050600739371535,1384.5523802005,538.454,707.0012500000001,6.025,10.785714285714286,10.3,2.806285714285713
79,Italy,68.566,,30.32599760024255,2094.3379149835,620.9194999999999,662.9015,7.260000000000001,10.83809523809524,10.5,1.9954761904761895
80,Jamaica,53.7404,245.28300000000004,51.407871652816254,141.7968729865,57.90350000000001,99.60850000000002,4.725,16.514285714285716,16.6,1.3982857142857132
81,Jordan,84.85925,264.2615,1.10123599962771,146.88391065899995,78.562,105.35200000000002,6.44,18.295238095238098,17.1,11.579476190476187
82,Japan,88.08510000000001,,68.400548696845,2984.2847608380002,511.918,628.277,21.8,9.561904761904762,9.5,0.8914761904761906
83,Kazakhstan,56.794399999999996,218.8455,1.1840411545727316,144.613101072,66.20450000000001,73.72400000000002,136.6,31.485714285714288,31.2,40.873285714285714
84,Kenya,23.4948,52.43399999999999,6.486277980813158,17.983345272,16.438000000000002,22.684,486.6,21.719047619047622,21.8,0.3876190476190472
85,Kyrgyz Republic,35.547,57.0715,6.4040469760166845,25.914447787,27.379999999999995,27.387,134.4,28.09999999999999,28.4,19.344
86,Cambodia,20.58165,54.90250000000001,56.3917870496261,11.399643200500002,32.11149999999999,35.59049999999999,443.0,24.114285714285717,23.7,2.169285714285713
87,Kiribati,47.66485,137.00449999999998,1.4567901234567902,115.94717410250003,0.1535,4.0315,417.9,53.152380952380945,53.0,2.6446190476190496
88,"Korea, Rep.",81.3185,638.5616666666666,65.78485374463433,806.2282185165,477.9504999999999,534.6916666666667,82.75,11.085714285714285,10.6,9.207285714285714
89,Kuwait,99.94539999999999,655.0912500000001,0.32912457912457904,840.5656011155,160.761,177.20999999999998,28.15,13.733333333333334,13.2,4.649333333333333
90,Lao PDR,29.510400000000004,33.815999999999995,73.64000216637781,10.045591308999999,14.964499999999997,17.339499999999997,232.1,28.676190476190474,28.3,3.436904761904762
91,Lebanon,87.30400000000002,525.017,13.57978983382209,218.201233573,217.0075,300.7165,12.02,20.323809523809523,20.3,0.13390476190476214
92,Liberia,47.7659,42.103,82.38340946843854,4.976138415500001,22.270000000000003,24.440000000000005,284.55,18.97142857142857,19.0,0.8331428571428565
93,St. Lucia,21.0958,420.4285000000001,34.15737704918031,157.76126299100002,228.28849999999997,257.2305,7.875,17.952380952380953,17.7,1.020619047619048
94,Sri Lanka,18.3085,97.561,34.04934023564555,43.806589599,47.0175,52.59250000000001,65.55,16.15238095238095,16.9,3.374619047619047
95,Lesotho,24.3304,77.29149999999998,1.1370223978919602,41.66224840099999,15.153000000000002,15.763,987.8,41.27619047619047,42.9,26.761904761904766
96,Lithuania,67.00130000000001,648.2506250000001,34.09361633202734,506.2400962,230.18800000000005,247.19400000000002,66.4,23.199999999999996,23.7,5.084
97,Luxembourg,88.1501,,34.240190175803846,4932.781443004,657.4915,808.3711764705885,7.9449999999999985,11.804761904761905,11.8,3.9774761904761897
98,Latvia,67.9503,620.5794444444444,53.75092805373875,395.57334472799994,263.67400000000004,276.4215,58.1,25.519047619047623,26.0,8.055619047619048
99,Morocco,57.837199999999996,136.53199999999998,12.633248375532151,51.5777447285,71.648,83.95349999999999,101.65,24.685714285714283,24.6,0.22428571428571448
100,Moldova,42.9107,157.71949999999998,11.265769175568456,78.63196735049999,67.5415,68.9655,113.25,28.357142857142858,29.2,9.621571428571425
101,Madagascar,31.86775,19.402000000000005,21.76742545559439,7.488660485999999,6.182999999999999,7.555,250.45,27.580952380952382,27.7,1.1116190476190475
102,Maldives,35.448699999999995,576.359,2.7333333333333294,332.754005149,187.86099999999996,239.27349999999996,42.25,17.176190476190477,16.5,22.63390476190476
103,Mexico,77.63744999999999,508.404,34.497054193780706,244.49909301299994,235.69850000000002,263.906,21.9,16.076190476190476,16.0,0.3079047619047619
104,North Macedonia,57.58945,283.94350000000003,38.467342187508464,171.538709078,107.18199999999999,109.09649999999999,26.45,26.576190476190483,26.6,6.058904761904762
105,Mali,35.650999999999996,27.533500000000004,10.896663634351999,6.130492494,13.360000000000003,13.906000000000002,64.0,23.600000000000005,23.7,0.4479999999999997
106,Malta,93.83152631578949,721.2433333333333,1.1282894736842106,1112.1264403584212,556.9610526315789,568.9872222222222,8.889473684210527,12.171428571428573,11.8,2.7521428571428572
107,Myanmar,28.829199999999997,28.357499999999998,48.576020287118666,4.5015140305,21.394499999999997,21.394499999999997,474.45,28.66190476190476,28.3,7.479476190476193
108,Mongolia,65.04660000000001,102.04750000000001,9.131656427096537,62.54070168450001,31.752,34.15400000000001,428.0,40.304761904761904,40.9,16.938476190476187
109,Mozambique,32.07695,26.176,49.713256822401384,7.036717873000001,2.8395,4.109,351.85,30.728571428571428,30.8,2.356142857142856
110,Mauritania,46.164199999999994,43.188,0.358942466285049,13.473631101,24.7495,26.7555,150.35,16.752380952380946,16.5,0.7676190476190474
111,Mauritius,41.6326,351.1925,19.544784171330896,155.628184392,176.507,191.95650000000003,12.75,25.47619047619048,24.4,5.254904761904761
112,Malawi,15.64455,27.115499999999997,28.454603309291468,6.343512518500001,2.957,4.668,307.75,26.44285714285714,27.6,6.816571428571427
113,Malaysia,69.97059999999999,273.95300000000003,58.706455638411214,144.139793893,95.57900000000001,129.8115,79.75,19.423809523809524,18.9,2.7709047619047626
114,Namibia,41.2959,406.42699999999996,8.969496592938091,181.933056652,32.4405,179.4095,903.6,26.390476190476186,25.6,9.08590476190476
115,Niger,16.263600000000004,21.1045,0.9553248598721089,6.022539912000001,11.397500000000003,12.331499999999998,123.65,21.495238095238097,21.5,0.0644761904761905
116,Nigeria,43.022200000000005,65.686,25.628463712023898,11.040907685499999,47.44050000000001,49.1085,219.0,19.242857142857147,18.8,2.8995714285714276
117,Nicaragua,56.85850000000001,112.29449999999997,36.3387464683397,57.6152189355,41.82350000000001,44.356500000000004,50.95,15.676190476190481,15.7,0.17590476190476206
118,Netherlands,85.79085,,10.884879743924914,3005.24424453,452.52650000000006,755.1475,7.085000000000001,12.76190476190476,12.6,3.7724761904761914
119,Norway,79.17670000000001,,33.1940622529836,5759.3969173015,747.917142857143,758.9528571428572,6.610000000000001,11.214285714285714,11.3,3.0632857142857146
120,Nepal,16.697650000000003,28.028,41.242976979420995,5.457858277,16.0405,18.3915,319.8,20.06190476190476,20.2,1.8384761904761895
121,New Zealand,86.2824,,37.40769815046903,2225.6239585079998,379.899,676.7505,8.459999999999999,12.409523809523813,11.9,3.288904761904761
122,Oman,76.5454,495.0045,0.009466882067851349,421.74055175700005,42.23299999999999,73.26450000000001,11.8,29.590476190476195,32.7,28.00590476190476
123,Pakistan,34.907650000000004,26.291500000000003,5.357947086446658,6.951511252,16.5195,17.808500000000002,273.15,31.83809523809524,31.8,2.085476190476191
124,Panama,65.04505,530.9100000000001,58.34195310367462,407.2477824855,218.46549999999996,252.727,55.6,11.628571428571428,11.5,0.32414285714285723
125,Peru,76.02095,221.80800000000005,57.8171662109375,124.65686086600002,77.07950000000001,95.598,139.35,10.776190476190475,10.8,0.5759047619047617
126,Philippines,45.97925000000001,81.74200000000002,23.63530200892108,27.749572864999998,43.1625,52.53000000000001,547.35,24.40476190476191,24.6,0.17947619047619057
127,Papua New Guinea,13.086900000000004,43.706500000000005,79.7930990813938,29.4445294955,3.9715000000000003,3.9715000000000003,432.0,35.1095238095238,35.5,1.9079047619047604
128,Poland,60.92800000000001,666.1310526315789,30.34535989688514,479.00978003399996,166.035,204.33800000000002,22.85,20.819047619047616,20.6,5.364619047619048
129,Portugal,60.2023,995.34,35.83840945062529,1206.9282916030002,507.2454999999999,668.4185,31.25,12.833333333333334,12.4,2.2943333333333333
130,Paraguay,58.9785,252.0295,49.46430908633275,107.69646777,121.21849999999999,142.9545,43.2,16.6,16.5,0.30399999999999994
131,Qatar,98.087,605.7366666666667,0.0,1183.928270981,204.31699999999998,342.57499999999993,37.35,17.88095238095238,17.3,36.680619047619054
132,Romania,53.558800000000005,385.466,28.760624495200894,304.5367448565,77.43300000000002,80.66750000000002,111.65,23.523809523809526,23.1,4.556904761904763
133,Russian Federation,73.75704999999999,465.29499999999996,49.6707010416604,283.56274585700004,163.515,181.614,78.8,31.152380952380955,30.9,25.129619047619045
134,Rwanda,16.81935,36.887,11.08633968382651,10.661630335999998,4.8095,9.073,82.0,24.242857142857144,22.0,24.582571428571434
135,Saudi Arabia,81.85747368421055,543.7961538461539,0.454484134921779,524.8199832542106,119.2873684210526,230.47052631578944,14.75263157894737,24.35238095238095,25.5,3.338619047619048
136,Sudan,33.30785,65.32449999999999,11.173119147894003,18.8017286625,41.70549999999999,44.025499999999994,114.1,24.119047619047624,24.0,0.9606190476190474
137,Senegal,43.6518,47.95100000000001,44.06604165584584,14.861993916999998,23.631499999999996,27.662500000000005,134.0,20.9,20.6,0.82
138,Singapore,100.0,824.602857142857,24.386223519124893,660.81779242,600.8335,654.13,41.35,11.795238095238096,11.0,5.18847619047619
139,Solomon Islands,19.891,84.999,90.41254019292604,56.908889058000014,2.7245,2.7245,82.95,38.214285714285715,39.3,6.522285714285717
140,Sierra Leone,38.772499999999994,51.931000000000004,37.98869146577999,5.473332317000001,29.6495,30.759000000000004,310.7,24.361904761904757,24.3,0.7944761904761907
141,El Salvador,65.35170000000001,262.31,30.45994208494209,136.14596048599998,102.6625,120.61300000000001,41.75,10.599999999999998,10.7,0.04400000000000004
142,Serbia,54.70640000000001,451.60699999999997,30.85724902812716,275.5617530715,162.3665,173.114,27.066666666666666,24.714285714285715,24.6,6.688285714285712
143,Sao Tome and Principe,64.04310000000001,85.95450000000001,59.1421875,30.283479267,19.328,20.9235,123.75,21.442857142857147,21.4,0.5285714285714278
144,Suriname,66.35184999999998,334.38800000000003,98.00685737179488,169.2136594475,75.909,155.28250000000003,30.2,21.942857142857147,21.6,2.171571428571429
145,Slovak Republic,54.8359,408.02571428571434,39.82839921609582,727.064239417,200.672,232.98549999999994,11.450000000000001,20.338095238095235,20.5,10.057476190476189
146,Slovenia,52.583600000000004,855.9166666666666,61.68839766659003,1233.3964032344998,215.1325,487.27,11.290000000000001,14.404761904761905,13.5,5.278476190476191
147,Sweden,85.37575000000001,,68.90021274046565,3885.2185743560003,707.5035,724.6566666666668,6.385,10.552380952380952,10.4,2.317619047619048
148,Eswatini,22.72765,237.4825,28.187223837209313,109.65191068549998,27.143499999999996,64.768,1067.85,41.88095238095238,42.7,20.554619047619035
149,Seychelles,53.3981,554.531,73.26086956521742,394.25958397449995,147.435,152.81799999999998,20.65,22.17142857142857,21.3,2.170142857142857
150,Chad,22.151950000000003,31.24000000000001,4.346549396442184,7.265174978,18.865000000000002,20.310499999999998,147.55,24.185714285714283,24.5,0.4002857142857147
151,Togo,37.41235000000001,30.702999999999996,22.804713182570325,5.4817245230000005,19.639999999999997,21.814000000000004,60.9,26.380952380952376,26.8,1.6206190476190465
152,Thailand,42.08575,161.2455,38.66502573939596,115.90894822900002,23.732499999999998,45.0905,193.9,15.46666666666667,14.9,3.5303333333333313
153,Tajikistan,26.647100000000002,39.18249999999999,2.9668960329393155,10.03482035,26.002999999999997,26.1435,144.7,29.514285714285712,29.7,0.6952857142857142
154,Turkmenistan,48.5792,301.58799999999997,8.782159044964141,70.4582215565,216.07349999999997,230.478,76.45,33.37619047619047,33.1,24.55090476190477
155,Tonga,23.220499999999998,148.1375,12.4305555555556,91.74845168249999,11.667000000000002,18.458500000000004,15.235,26.23333333333333,26.1,0.5193333333333335
156,Trinidad and Tobago,54.2611,624.868,45.3458089668616,353.485801184,334.2434999999999,377.61850000000004,17.5,22.166666666666668,21.7,12.801333333333329
157,Tunisia,66.46744999999999,205.052,4.412255406797117,111.61535682750002,84.0385,92.5255,30.4,16.97142857142857,16.8,1.1241428571428573
158,Turkiye,70.40440000000001,408.796,27.362850005846987,307.501779284,76.155,101.293,25.3,17.580952380952382,17.4,2.4486190476190464
159,Tanzania,27.9652,32.142999999999994,56.54493847369609,10.269762745000001,9.093499999999997,9.555000000000001,409.5,19.15714285714285,19.2,2.4835714285714308
160,Uganda,19.29545,35.1365,13.845696205755129,6.1202476175,14.686499999999999,15.5555,221.45,25.019047619047623,24.1,11.093619047619043
161,Ukraine,68.3782,165.37649999999996,16.534763109589694,85.43998039149999,73.741,78.679,107.15,30.195238095238096,29.7,14.744476190476188
162,Uruguay,94.0703,568.338,9.76695520511942,624.75208558,190.52349999999998,382.81600000000003,26.1,18.147619047619052,17.8,2.0526190476190473
163,United States,80.71515000000001,,33.62011871960092,3720.325154869,873.8225000000001,,4.45,15.109523809523813,14.5,2.093904761904762
164,Uzbekistan,49.53929999999999,75.591,7.612879548096605,32.066801293000005,42.1185,42.489999999999995,95.95,29.96190476190476,28.9,10.575476190476191
165,St. Vincent and the Grenadines,48.8145,259.02049999999997,73.17948717948721,162.393048588,83.06200000000001,91.69049999999999,11.015,21.376190476190477,21.7,2.8679047619047617
166,"Venezuela, RB",88.0342,506.73900000000003,53.979264214046815,222.7105718745,170.4665,283.91850000000005,32.65,16.338095238095235,16.2,0.3974761904761902
167,Vietnam,30.251600000000003,80.277,42.43337031465406,33.037731289499995,33.2135,45.413500000000006,235.65,21.880952380952383,21.8,0.13461904761904736
168,Vanuatu,23.94,82.29849999999999,36.283839212469196,47.644898258000005,7.349000000000001,9.791,71.3,40.19047619047618,40.2,0.0789047619047621
169,Samoa,20.16765,162.42100000000002,59.069699646643095,120.01507775950003,20.051499999999997,21.4985,13.405000000000001,32.385714285714286,32.3,0.5892857142857149
170,South Africa,61.911849999999994,462.47650000000004,14.370153904491838,232.44531315400005,38.2025,207.46499999999997,1033.65,30.14761904761905,31.3,6.378619047619046
171,Zambia,39.19,53.661,62.37778756776389,17.971965437999998,10.796499999999998,15.24,516.6,28.395238095238103,27.8,5.333476190476189
172,Afghanistan,23.878444444444444,46.01666666666667,1.85278199408184,2.2475158266666666,35.099444444444444,35.10611111111111,189.0,38.30476190476191,37.8,6.988476190476192
173,Iraq,69.4314705882353,138.5205882352941,1.892555103873308,71.05096624705884,66.7270588235294,66.81176470588235,41.76470588235294,26.1,26.3,3.662
174,Timor-Leste,28.10835294117647,60.79470588235294,62.792040824399706,32.144118011764704,6.728235294117646,7.787647058823529,498.0,19.06666666666667,19.0,0.7463333333333331
