,country,2000,2001,2002,2003,2004,2005,2006,2007,2008,2009,2010,2011,2012,2013,2014,2015,2016,2017,2017,2018,2019
0,Afghanistan,41.7,42.1,42.1,41.5,41.4,40.9,40.5,40.1,39.4,38.4,37.8,37.1,36.6,36.2,35.7,35.6,35.6,35.5,35.5,35.4,35.3
1,Albania,18.7,15.7,16.6,17.3,16.7,20.3,21.4,21.2,20.8,20.2,19.5,19.2,14.4,13.8,13.5,13.6,12.6,12.2,12.2,11.8,11.4
2,Algeria,17.6,17.3,17.1,17.0,16.8,16.6,16.3,16.0,15.7,15.5,15.2,15.0,14.8,14.5,14.3,14.3,14.2,14.1,14.1,13.9,13.9
3,Angola,28.6,28.4,28.1,28.2,28.1,27.1,27.3,25.7,25.8,24.2,24.6,23.8,24.2,24.0,22.8,22.8,22.6,22.1,22.1,22.1,22.2
4,Antigua and Barbuda,18.9,18.2,19.1,18.6,18.3,17.4,17.6,20.1,19.8,18.5,17.9,17.6,16.8,17.3,18.0,18.1,17.7,17.8,17.8,17.7,17.5
5,Argentina,20.4,20.2,20.3,20.0,19.3,18.8,18.3,18.8,18.0,17.8,17.8,17.6,17.4,17.0,16.4,16.5,16.8,16.2,16.2,16.1,15.7
6,Armenia,26.7,26.2,25.9,25.8,25.9,25.7,25.6,25.3,26.7,26.5,25.0,23.5,23.2,22.2,22.0,22.3,21.7,21.3,21.3,20.0,19.9
7,Australia,12.9,12.6,12.3,11.8,11.5,11.4,10.9,10.6,10.5,10.1,9.9,9.8,9.3,9.3,9.3,9.3,9.0,8.7,8.7,8.7,8.6
8,Austria,15.3,14.7,13.9,13.7,13.2,12.8,12.5,12.3,12.1,12.4,12.4,12.2,12.0,11.8,11.7,11.6,11.2,10.8,10.8,10.9,10.4
9,Azerbaijan,32.5,31.9,31.8,32.0,32.1,32.1,31.5,30.8,30.7,30.3,29.8,29.5,29.3,28.7,28.4,28.4,28.2,28.2,28.2,27.4,27.2
10,"Bahamas, The",19.8,20.7,19.4,19.6,21.3,20.1,20.5,19.8,20.2,20.3,20.6,20.5,19.8,19.1,18.8,19.4,19.5,19.2,19.2,19.8,19.9
11,Bahrain,30.8,30.2,28.9,27.8,26.3,24.8,22.7,21.4,20.0,19.0,18.2,17.6,17.1,16.8,16.6,16.4,16.3,16.2,16.2,16.1,16.1
12,Bangladesh,23.2,22.8,22.9,22.9,22.8,23.3,23.7,23.4,22.7,22.1,21.5,20.2,19.4,19.0,18.8,18.6,18.5,18.8,18.8,18.9,18.9
13,Barbados,17.0,16.3,16.7,16.7,17.0,16.7,16.7,16.8,16.7,16.3,16.2,16.1,15.5,15.4,15.7,15.6,15.7,15.7,15.7,15.8,16.0
14,Belarus,33.2,34.5,35.6,34.5,33.7,34.1,32.7,30.8,30.9,30.7,30.8,30.7,27.5,26.4,25.7,24.7,24.6,24.2,24.2,24.3,23.8
15,Belgium,15.4,15.1,15.0,14.5,13.7,13.7,13.4,13.1,13.2,12.8,12.9,12.6,12.2,11.9,11.5,11.5,11.1,11.0,11.0,10.8,10.6
16,Belize,23.4,20.3,19.3,18.8,19.2,18.2,18.0,17.5,16.3,17.1,17.1,16.6,16.3,16.1,16.4,16.4,16.0,16.2,16.2,16.1,16.5
17,Benin,25.3,25.3,25.3,25.2,25.1,24.9,24.7,24.5,24.1,24.2,24.1,24.1,24.0,23.8,23.7,23.5,23.3,23.2,23.2,22.9,22.6
18,Bhutan,23.1,22.7,22.2,21.9,21.5,21.2,20.9,20.6,20.2,19.9,19.4,19.3,19.2,19.1,19.0,18.9,18.5,18.7,18.7,18.6,18.5
19,Bolivia,20.8,20.2,19.8,19.3,18.9,18.7,18.2,18.3,18.1,18.1,18.0,18.1,18.0,18.0,18.1,18.2,18.2,18.0,18.0,18.0,17.9
20,Bosnia and Herzegovina,22.0,21.9,21.9,21.5,21.1,21.7,21.1,21.9,20.6,20.5,20.1,19.7,19.1,19.1,19.0,19.2,18.8,18.7,18.7,18.8,18.7
21,Botswana,38.4,38.2,37.8,37.4,37.2,36.7,35.3,33.7,33.3,31.7,31.3,31.0,31.0,30.7,30.2,29.7,28.9,28.5,28.5,28.2,27.0
22,Brazil,21.6,21.1,20.5,20.1,20.0,19.0,18.7,18.4,18.4,18.0,17.7,17.6,17.1,16.8,16.3,16.2,16.3,15.8,15.8,15.7,15.5
23,Brunei Darussalam,24.0,23.7,23.0,22.5,21.6,21.6,21.6,21.4,21.2,20.3,19.9,19.2,18.8,18.7,18.5,18.5,18.5,18.7,18.7,18.7,18.5
24,Bulgaria,28.5,28.1,27.9,27.9,27.6,27.6,27.5,26.6,25.7,25.8,25.6,25.1,24.3,23.8,24.7,24.3,24.4,24.5,24.5,24.4,24.2
25,Burkina Faso,25.7,25.6,25.6,25.4,25.4,25.3,25.3,25.3,25.1,25.1,25.1,24.9,25.1,25.1,24.9,24.8,24.7,24.4,24.4,24.2,23.9
26,Burundi,36.8,35.1,34.0,33.0,32.3,31.6,30.8,29.7,28.9,28.3,27.9,27.5,27.2,26.8,26.3,25.8,25.5,25.2,25.2,25.1,25.0
27,Cabo Verde,16.9,16.8,16.7,16.5,16.4,16.4,15.4,15.1,15.0,15.0,14.8,14.9,15.1,15.0,14.8,14.8,15.1,15.2,15.2,17.6,17.4
28,Cambodia,27.2,26.7,26.2,25.7,25.5,25.2,24.9,24.5,24.1,23.8,23.7,23.5,23.4,23.2,23.0,22.8,22.7,22.6,22.6,22.6,22.5
29,Cameroon,28.0,28.2,28.1,28.2,28.1,28.7,28.7,28.2,27.9,27.7,27.4,27.2,27.0,26.7,26.2,25.5,25.0,24.4,24.4,24.1,23.9
30,Canada,14.4,14.0,13.8,13.5,13.1,12.7,12.3,12.2,11.9,11.5,11.1,10.8,10.7,10.5,10.4,10.3,10.4,10.1,10.1,9.8,9.6
31,Central African Republic,41.7,41.0,40.9,40.3,39.9,39.4,39.7,39.4,39.1,39.5,39.4,39.1,38.6,38.5,38.2,38.1,37.4,37.1,37.1,36.5,36.0
32,Chad,24.6,24.7,24.7,24.9,24.6,24.4,24.3,24.6,24.5,24.6,24.7,24.7,24.6,24.3,24.0,23.6,23.4,23.4,23.4,23.2,22.7
33,Chile,14.3,14.7,14.2,14.4,13.9,13.7,13.4,13.5,12.9,13.1,12.9,12.7,12.5,12.3,11.9,11.6,11.1,10.6,10.6,10.3,10.0
34,China,23.0,22.7,22.7,22.7,22.5,21.8,20.7,20.0,19.6,19.3,19.0,18.7,18.3,17.7,17.2,16.8,16.6,16.3,16.3,16.0,15.9
35,Colombia,15.1,14.5,14.1,14.1,13.8,13.5,13.2,12.6,12.1,11.3,11.1,10.5,10.3,10.2,10.2,10.3,10.3,10.2,10.2,9.8,9.7
36,Comoros,25.3,24.7,24.0,23.2,22.6,22.3,21.9,21.9,22.0,21.4,21.3,21.2,21.1,21.0,21.5,21.4,21.2,21.0,21.0,20.7,20.6
37,"Congo, Dem. Rep.",28.0,27.9,27.5,27.9,27.8,27.5,27.3,26.8,26.8,27.0,26.7,26.3,25.9,25.3,24.8,24.3,23.9,23.7,23.7,24.1,24.0
38,"Congo, Rep.",35.7,33.6,31.8,30.9,30.6,29.8,29.3,28.8,28.3,28.2,27.6,27.0,27.1,26.4,25.8,24.6,24.2,23.6,23.6,23.1,22.6
39,Costa Rica,12.9,12.8,11.9,11.9,12.1,11.0,11.3,10.1,10.0,9.8,11.1,10.3,10.3,10.1,9.7,9.8,10.0,10.2,10.2,9.6,9.5
40,Cote d'Ivoire,28.1,27.7,27.2,27.1,26.8,26.4,26.7,26.5,25.6,25.8,26.0,25.5,25.3,25.0,24.3,23.6,22.9,22.3,22.3,22.0,21.7
41,Croatia,22.9,22.3,22.0,21.9,20.6,20.7,19.8,19.9,20.1,19.5,18.8,18.3,17.8,17.0,17.0,17.6,17.0,16.8,16.8,16.3,16.1
42,Cuba,18.2,18.7,17.5,17.7,17.4,17.5,17.3,17.3,17.3,17.1,17.3,16.3,16.3,16.5,16.6,16.6,16.3,16.8,16.8,16.5,16.6
43,Cyprus,13.1,13.4,13.5,13.4,13.4,12.7,12.5,11.8,11.2,10.8,10.6,10.0,10.1,9.8,10.0,9.7,9.2,8.8,8.8,8.3,8.2
44,Czechia,22.5,21.6,21.4,21.2,20.4,19.7,19.1,18.7,18.3,18.1,17.8,17.4,16.9,16.7,15.7,15.6,15.0,14.9,14.9,14.8,14.3
45,Denmark,18.4,17.9,17.3,16.5,15.8,15.1,15.1,14.7,14.1,13.9,13.5,12.9,12.7,12.3,12.3,11.9,11.9,11.2,11.2,11.3,10.8
46,Djibouti,23.6,23.1,23.2,23.1,23.3,23.1,22.7,22.5,22.4,22.4,22.5,22.5,22.5,22.6,22.4,22.3,22.3,22.3,22.3,22.2,22.0
47,Dominican Republic,14.3,13.7,13.8,14.6,14.9,15.3,16.4,16.8,16.9,17.1,16.7,17.2,18.2,19.3,20.8,21.5,21.7,21.0,21.0,20.0,19.1
48,Ecuador,12.8,13.0,13.9,13.7,14.0,14.4,14.4,13.9,14.0,13.6,13.1,12.9,12.8,12.4,11.9,11.7,11.9,11.4,11.4,11.3,11.0
49,"Egypt, Arab Rep.",27.0,28.3,28.9,29.5,29.3,29.0,29.4,29.1,29.4,29.9,29.9,29.2,30.0,28.8,29.2,30.4,29.4,28.1,28.1,28.3,28.0
50,El Salvador,10.5,10.8,10.2,10.4,10.2,10.4,10.7,10.7,10.4,10.5,10.5,10.8,10.7,10.9,10.9,10.8,10.4,10.7,10.7,10.7,10.7
51,Equatorial Guinea,28.6,26.9,25.1,24.6,23.9,23.3,23.3,23.0,22.9,22.8,23.0,23.4,23.0,22.0,22.1,22.9,23.0,22.0,22.0,22.5,22.1
52,Eritrea,32.9,32.1,31.8,30.8,30.9,30.8,30.7,30.3,30.4,30.0,29.6,29.3,28.9,28.6,28.3,28.1,27.7,27.4,27.4,27.2,26.8
53,Estonia,27.0,26.9,26.2,25.5,24.8,23.7,24.0,23.3,22.0,20.7,19.9,19.1,18.8,18.2,18.0,17.1,17.2,16.9,16.9,16.6,14.9
54,Eswatini,37.9,40.1,42.7,44.5,45.7,46.5,46.8,47.9,47.8,47.3,45.8,43.9,43.4,42.0,39.8,38.0,37.1,36.0,36.0,35.1,35.2
55,Ethiopia,27.3,26.0,25.2,24.4,23.7,23.1,22.4,21.8,21.2,20.4,19.6,19.0,18.3,17.9,17.6,17.7,17.4,17.2,17.2,17.1,17.1
56,Fiji,43.1,41.8,40.7,40.9,39.6,40.3,40.6,40.9,41.0,40.1,39.6,39.3,39.0,38.8,38.7,38.5,38.3,38.1,38.1,37.9,37.7
57,Finland,14.7,13.8,13.6,13.4,13.4,13.0,12.5,12.5,12.2,12.2,12.0,11.7,11.4,11.1,10.6,10.6,10.4,10.3,10.3,10.0,9.6
58,France,14.1,13.8,13.6,13.4,12.8,12.7,12.4,12.2,12.0,11.9,11.8,11.5,11.8,11.3,11.0,11.0,10.9,10.8,10.8,10.7,10.6
59,Gabon,30.0,29.5,28.0,27.9,26.4,26.7,27.3,26.6,27.5,26.3,25.8,25.7,23.2,22.4,24.3,24.1,23.5,22.6,22.6,22.2,21.3
60,"Gambia, The",22.2,22.4,22.5,22.7,23.0,22.9,22.8,22.8,22.6,22.5,22.2,22.4,22.4,22.3,22.3,21.9,21.6,21.4,21.4,21.2,21.1
61,Georgia,30.0,28.4,31.8,29.5,29.2,26.6,26.7,26.5,28.0,31.0,27.1,26.4,25.3,25.1,25.1,25.5,26.5,24.9,24.9,24.7,24.9
62,Germany,16.1,15.5,15.3,15.0,14.4,14.1,13.6,13.5,13.3,13.2,13.0,12.8,12.6,12.8,12.4,12.6,12.4,12.1,12.1,12.2,12.1
63,Ghana,23.8,24.3,24.5,24.7,24.8,25.1,25.3,25.7,25.8,25.7,25.7,25.4,25.2,24.9,24.5,24.1,23.8,23.3,23.3,22.8,22.5
64,Greece,14.9,14.6,14.2,14.2,14.1,13.6,13.5,13.9,13.6,13.5,13.4,13.6,13.9,13.5,13.0,13.1,12.5,12.5,12.5,12.6,12.5
65,Grenada,23.0,22.4,22.7,23.2,23.0,22.1,21.2,21.1,21.3,21.6,22.6,22.9,23.7,23.2,23.2,23.6,23.9,24.0,24.0,23.7,23.3
66,Guatemala,14.9,14.8,14.4,15.0,15.3,16.0,16.0,15.7,15.5,16.3,16.7,16.6,16.9,17.0,17.0,17.3,17.2,16.2,16.2,16.6,16.5
67,Guinea,22.4,22.4,22.9,23.1,23.4,23.4,24.3,25.0,25.1,25.3,25.8,26.0,26.2,26.4,26.3,26.3,26.0,25.6,25.6,25.2,24.9
68,Guinea-Bissau,31.1,30.7,30.4,29.9,30.0,29.3,29.1,29.2,29.2,29.4,29.1,28.7,28.1,28.3,27.5,26.1,26.2,26.0,26.0,25.5,24.9
69,Guyana,35.7,34.5,34.8,34.8,34.7,34.2,33.8,33.7,34.0,33.9,33.5,32.8,32.4,32.0,31.3,30.9,30.4,29.8,29.8,29.4,29.2
70,Haiti,34.5,34.2,33.8,33.8,33.7,33.8,33.7,33.9,33.8,33.7,33.7,33.5,33.3,32.9,32.8,32.6,32.2,31.7,31.7,31.6,31.3
71,Honduras,17.0,16.9,17.2,17.3,17.3,17.4,17.5,17.3,17.1,16.9,16.9,17.1,20.8,20.9,21.0,21.2,19.3,19.5,19.5,18.8,18.7
72,Hungary,29.1,27.2,27.1,27.2,26.8,26.7,26.2,25.9,25.3,25.3,24.5,24.5,23.7,23.1,23.0,23.2,22.8,23.1,23.1,22.7,22.1
73,Iceland,13.3,12.6,12.2,11.8,11.5,11.4,11.0,10.6,10.2,9.9,9.9,9.7,9.4,9.3,9.3,9.2,8.8,8.7,8.7,8.5,8.7
74,India,25.1,24.9,24.6,23.9,22.5,22.5,22.8,23.1,23.3,23.2,23.7,23.9,23.7,22.7,22.0,22.6,22.6,22.2,22.2,22.0,21.9
75,Indonesia,25.6,25.7,25.8,25.9,26.0,26.1,26.1,26.2,26.2,26.2,26.1,25.9,25.8,25.7,25.6,25.6,25.4,25.2,25.2,25.0,24.8
76,"Iran, Islamic Rep.",20.6,20.2,19.7,19.2,18.7,18.1,17.6,17.1,16.6,16.1,15.5,15.3,15.3,15.3,15.3,15.4,15.2,15.1,15.1,14.9,14.8
77,Iraq,29.4,28.7,28.3,28.3,27.9,27.6,27.3,27.1,26.9,26.6,26.3,26.0,25.5,25.0,24.6,24.3,24.0,23.7,23.7,23.4,23.5
78,Ireland,17.7,16.7,15.7,15.4,14.5,13.9,13.4,13.0,13.0,12.8,11.3,11.9,11.6,11.4,10.9,10.6,10.4,10.2,10.2,9.9,9.7
79,Israel,14.3,13.7,13.0,12.7,12.0,12.2,11.6,11.5,11.0,10.3,10.4,10.0,9.9,9.9,9.5,9.6,9.2,9.0,9.0,8.9,8.8
80,Italy,13.6,13.2,12.9,12.7,12.0,11.8,11.4,11.2,10.9,10.8,10.4,10.5,10.4,10.0,9.8,9.8,9.3,9.4,9.4,9.1,9.0
81,Jamaica,18.2,17.8,17.1,16.6,15.7,14.1,14.3,15.5,17.5,18.9,16.1,17.4,15.5,15.2,16.6,16.8,16.7,16.6,16.6,16.7,16.9
82,Japan,11.4,11.1,10.8,10.6,10.5,10.3,10.0,9.9,9.7,9.6,9.5,9.4,9.1,8.9,8.8,8.6,8.7,8.6,8.6,8.4,8.3
83,Jordan,23.9,23.6,23.2,22.2,22.0,21.8,21.3,20.0,18.6,17.7,17.1,16.3,15.9,15.3,15.1,14.9,14.8,15.0,15.0,15.2,15.3
84,Kazakhstan,41.5,40.2,39.1,39.8,37.9,37.6,36.3,35.6,33.3,31.2,31.4,30.4,29.2,27.3,26.3,25.6,24.8,24.1,24.1,23.1,22.4
85,Kenya,22.1,21.8,21.8,21.5,21.4,22.2,22.3,22.7,22.7,22.4,22.2,22.1,22.0,21.9,21.5,21.1,20.8,20.8,20.8,21.0,21.0
86,Kiribati,56.0,55.7,55.4,54.9,54.6,54.5,54.0,53.9,53.7,53.4,53.0,52.8,52.4,52.3,52.0,51.7,51.5,51.3,51.3,51.0,50.8
87,"Korea, Dem. People's Rep.",24.1,24.0,24.5,23.8,23.5,23.2,23.2,23.9,25.1,25.3,25.8,26.0,25.8,25.8,25.9,26.1,25.8,24.9,24.9,23.9,23.9
88,"Korea, Rep.",16.5,15.8,15.5,14.9,14.3,13.5,12.7,12.2,11.6,11.0,10.6,10.0,9.5,9.0,8.7,8.4,8.2,7.8,7.8,7.5,7.3
89,Kuwait,17.3,15.3,16.4,15.9,15.9,15.7,15.7,15.2,16.2,15.0,13.2,12.0,11.8,11.5,11.3,11.4,11.5,11.7,11.7,11.8,11.9
90,Kyrgyz Republic,33.5,31.5,32.6,33.2,32.0,32.5,32.8,32.1,30.6,29.5,27.9,28.4,26.9,26.2,26.3,24.9,23.0,22.3,22.3,21.3,20.3
91,Lao PDR,31.6,31.7,31.1,30.8,30.5,30.4,30.2,29.7,29.4,28.8,28.3,27.8,27.4,27.1,26.9,26.8,26.7,26.7,26.7,26.8,26.8
92,Latvia,27.9,29.1,28.9,28.2,28.1,28.4,29.1,28.6,27.2,26.0,26.0,25.2,24.1,23.5,23.2,22.0,22.0,22.3,22.3,22.2,21.6
93,Lebanon,20.2,19.9,19.8,19.8,19.9,20.1,20.1,20.5,20.6,20.7,20.7,20.8,20.8,20.8,20.7,20.6,20.4,20.3,20.3,19.9,19.9
94,Lesotho,32.2,31.9,33.3,35.3,36.1,36.5,39.1,40.1,42.5,42.9,43.2,43.9,45.7,47.3,48.1,47.9,46.3,44.2,44.2,43.4,42.7
95,Liberia,19.7,19.0,19.0,18.5,19.2,18.6,19.0,19.7,19.7,19.8,20.0,20.4,20.2,19.5,19.5,18.0,17.8,17.7,17.7,17.6,17.8
96,Libya,19.4,19.3,19.2,18.7,17.8,17.8,17.8,19.3,18.8,18.8,17.8,17.6,17.7,17.4,18.0,18.2,18.4,18.8,18.8,19.0,18.6
97,Lithuania,24.2,24.5,24.6,24.5,24.9,25.7,26.4,26.6,25.2,24.4,23.7,23.7,22.9,22.2,21.4,22.2,21.4,19.8,19.8,19.8,19.3
98,Luxembourg,15.2,15.0,14.5,14.2,13.9,13.6,13.0,12.4,12.2,11.9,11.8,11.3,10.8,10.4,10.0,9.7,9.5,9.6,9.6,9.6,9.7
99,Madagascar,28.7,28.3,28.8,29.3,29.2,28.6,28.4,28.0,27.9,27.8,27.7,27.6,27.2,27.0,27.1,26.6,26.5,26.2,26.2,26.1,26.0
100,Malawi,31.4,30.4,29.4,28.8,28.4,27.6,27.8,27.9,27.6,27.7,27.6,26.4,25.4,24.6,24.3,24.0,23.7,23.4,23.4,22.9,22.6
101,Malaysia,23.2,22.0,21.5,21.7,21.1,20.4,20.0,19.6,19.7,19.5,18.9,18.6,18.2,17.4,17.7,17.7,18.0,18.1,18.1,18.1,18.4
102,Maldives,25.7,25.1,24.0,23.3,21.7,20.7,19.7,18.8,18.0,17.3,16.5,15.5,14.6,13.9,13.1,12.7,12.3,12.2,12.2,11.8,11.6
103,Mali,25.0,24.6,24.4,24.1,23.9,23.9,23.7,23.8,23.9,23.9,23.7,23.5,23.5,23.5,23.5,23.3,23.1,22.7,22.7,22.6,22.3
104,Malta,15.8,15.2,14.4,13.9,13.4,13.2,13.0,12.8,12.4,12.1,11.8,11.5,11.1,10.9,10.8,10.7,10.6,10.5,10.5,10.5,10.5
105,Mauritania,18.7,18.3,18.0,17.6,17.8,17.1,17.1,17.1,16.6,16.6,16.4,16.0,16.5,16.2,16.1,15.9,15.9,15.9,15.9,16.0,16.1
106,Mauritius,29.1,28.9,28.8,28.3,28.3,27.8,26.8,27.0,25.9,25.2,24.4,24.1,24.1,23.6,23.4,23.5,23.2,23.1,23.1,23.2,23.2
107,Mexico,16.7,16.5,17.0,17.1,16.7,16.7,16.4,16.1,16.4,16.1,15.9,15.4,15.5,15.2,15.6,15.7,16.0,15.7,15.7,15.6,15.6
108,"Micronesia, Fed. Sts.",44.9,44.7,44.4,44.3,44.5,44.6,44.5,44.4,44.4,44.5,44.6,44.7,44.8,44.9,45.0,45.6,45.6,45.8,45.8,46.1,46.3
109,Moldova,33.0,31.0,31.9,32.0,31.4,32.3,31.2,30.1,29.2,29.6,29.9,27.0,26.2,25.2,25.6,26.6,25.9,24.4,24.4,24.5,24.1
110,Mongolia,46.4,46.6,46.1,45.3,44.3,43.6,42.6,41.5,40.8,41.4,41.6,40.9,38.5,37.4,36.5,36.1,35.8,35.4,35.4,35.2,35.0
111,Montenegro,24.8,25.2,25.6,25.9,25.9,25.8,25.6,24.8,24.3,24.1,23.6,23.6,23.1,22.7,22.7,22.8,22.8,22.8,22.8,22.5,22.3
112,Morocco,25.8,25.5,25.0,25.2,25.1,25.0,24.9,25.0,24.8,24.6,24.4,24.3,24.2,24.7,24.5,24.4,24.3,24.2,24.2,24.2,24.1
113,Mozambique,28.9,28.6,28.6,28.7,29.0,29.4,29.7,29.9,30.7,31.6,32.3,32.8,33.3,33.1,32.4,31.8,31.3,30.9,30.9,30.8,30.6
114,Myanmar,32.2,31.9,31.8,31.8,32.1,31.6,31.5,30.7,29.6,29.0,28.3,28.0,27.4,26.8,26.5,26.1,25.9,25.3,25.3,25.2,24.9
115,Namibia,31.3,30.7,30.6,30.0,28.9,29.7,29.4,28.5,26.6,26.0,25.6,24.4,23.5,23.4,24.0,24.7,23.9,23.8,23.8,22.8,22.6
116,Nepal,19.2,18.8,18.0,18.1,18.1,18.4,18.8,19.0,19.4,20.0,20.2,20.8,21.1,21.3,21.5,21.5,21.3,21.4,21.4,21.5,21.5
117,Netherlands,16.5,15.9,15.8,15.1,14.6,14.0,13.5,13.2,13.0,12.7,12.6,12.2,12.0,11.6,11.1,11.2,11.1,10.6,10.6,10.4,10.3
118,New Zealand,15.9,15.8,15.2,14.6,14.3,13.3,13.1,13.0,12.3,12.0,11.8,11.9,11.4,11.0,10.8,10.9,10.8,10.9,10.9,10.4,10.3
119,Nicaragua,15.3,15.4,16.1,15.8,15.8,16.5,14.6,15.7,16.1,16.0,15.4,15.7,16.0,15.9,16.0,15.0,15.8,15.6,15.6,15.6,15.3
120,Niger,21.6,21.9,21.7,22.1,21.6,21.8,21.6,21.6,21.3,21.3,21.4,21.4,21.5,21.5,21.5,21.5,21.4,21.3,21.3,21.1,21.0
121,Nigeria,21.9,21.9,21.6,21.4,21.2,20.7,20.3,20.0,19.6,19.2,18.8,18.7,18.5,18.3,18.0,17.8,17.6,17.3,17.3,17.1,16.9
122,North Macedonia,30.2,29.8,30.2,29.2,28.1,28.3,28.8,28.7,27.4,27.2,26.6,26.6,25.7,24.8,24.9,24.5,24.0,23.6,23.6,23.2,22.7
123,Norway,14.3,14.0,13.9,13.1,12.7,12.3,12.0,12.0,11.7,11.3,11.3,10.8,10.7,10.5,9.9,9.5,9.5,9.2,9.2,8.9,8.7
124,Oman,34.9,34.6,34.4,34.2,33.7,34.0,34.3,33.9,34.0,33.4,32.7,30.8,30.1,27.1,24.5,23.8,22.8,22.5,22.5,21.7,21.5
125,Pakistan,33.5,33.6,33.7,33.7,33.5,33.3,33.1,32.7,32.4,32.0,31.8,31.5,31.3,31.1,30.9,30.7,30.4,30.1,30.1,29.8,29.4
126,Panama,12.4,12.2,12.4,12.5,12.3,12.1,12.2,11.5,11.5,11.6,11.5,11.5,11.8,11.5,11.5,11.3,10.7,11.1,11.1,10.8,10.7
127,Papua New Guinea,31.4,32.7,32.6,33.8,34.6,35.0,35.2,35.7,35.5,34.9,35.4,35.4,36.2,36.1,36.4,36.4,36.3,35.9,35.9,35.9,36.0
128,Paraguay,16.8,16.0,16.1,16.7,17.4,17.2,17.5,17.3,16.9,17.3,17.3,16.5,16.2,16.1,15.8,16.0,16.3,16.5,16.5,16.2,16.0
129,Peru,12.1,11.5,11.5,11.5,11.0,10.8,10.5,10.1,10.3,11.6,11.8,11.6,11.2,10.9,10.5,10.1,10.0,9.9,9.9,9.8,9.7
130,Philippines,23.1,23.8,24.4,24.0,24.2,24.3,25.0,24.6,24.6,24.8,24.4,24.2,24.8,24.8,24.0,24.6,24.6,24.6,24.6,24.6,24.5
131,Poland,25.0,24.3,23.4,23.2,22.9,22.5,22.4,22.2,21.6,21.5,20.6,20.0,20.1,19.7,19.0,19.4,18.6,18.2,18.2,17.4,17.0
132,Portugal,15.8,15.5,15.0,14.8,14.0,14.2,13.5,13.1,12.9,12.7,12.4,12.2,12.1,11.8,11.5,11.5,11.5,11.3,11.3,11.4,11.0
133,Qatar,27.6,26.4,26.4,25.4,23.8,23.0,22.1,21.4,20.0,18.7,17.3,16.0,14.9,13.7,12.8,11.7,11.2,10.8,10.8,10.8,10.7
134,Romania,26.5,26.7,27.2,26.8,25.7,25.5,24.8,24.1,23.7,23.7,23.1,22.1,22.0,21.4,21.7,21.7,21.6,21.5,21.5,21.7,21.0
135,Russian Federation,36.9,37.5,38.4,38.3,37.4,37.3,34.6,32.8,32.8,31.6,30.9,29.1,27.7,26.8,28.4,26.4,27.0,25.4,25.4,25.3,24.2
136,Rwanda,36.7,34.1,31.8,29.5,27.5,26.0,25.0,24.2,23.4,22.5,22.0,21.5,21.2,20.8,20.8,20.6,20.4,20.3,20.3,20.3,20.2
137,Samoa,33.7,33.6,33.4,33.3,33.1,33.0,32.9,32.7,32.6,32.0,32.4,32.3,32.2,31.9,31.9,31.8,31.7,31.5,31.5,31.4,31.2
138,Sao Tome and Principe,22.0,22.7,22.4,19.6,20.1,21.3,21.2,22.4,22.1,22.0,21.4,21.1,21.8,21.5,21.6,21.1,21.1,21.4,21.4,21.1,21.0
139,Saudi Arabia,25.5,25.5,25.6,25.8,25.6,25.8,26.1,26.2,26.2,26.0,25.7,25.0,24.3,23.8,23.3,22.9,22.3,21.8,21.8,21.3,20.9
140,Senegal,22.2,22.5,22.3,22.0,21.9,21.7,21.3,21.0,21.1,20.9,20.6,20.5,20.5,20.5,20.5,20.3,20.1,19.9,19.9,19.7,19.5
141,Serbia,29.5,28.1,28.2,28.0,27.7,27.2,26.4,25.8,25.1,24.8,24.6,23.2,22.7,22.2,22.1,22.2,21.8,22.7,22.7,22.0,22.0
142,Seychelles,24.1,23.8,23.9,24.5,24.2,23.7,23.4,23.1,23.0,22.1,21.2,20.7,20.7,20.3,20.4,20.9,21.3,21.1,21.1,21.0,21.1
143,Sierra Leone,23.0,23.5,24.0,24.3,24.3,24.3,25.3,25.4,25.6,25.7,25.8,25.4,25.2,24.5,23.6,23.4,23.7,23.7,23.7,23.7,23.5
144,Singapore,16.5,16.1,15.3,14.2,13.5,13.1,12.5,12.5,12.5,11.3,11.0,11.0,10.7,10.3,9.8,9.9,9.7,9.5,9.5,9.3,9.5
145,Slovak Republic,25.4,25.1,24.2,23.9,23.1,23.0,22.4,22.4,21.4,21.1,20.5,19.7,18.8,18.9,18.2,17.5,17.0,16.5,16.5,16.0,15.5
146,Slovenia,18.5,18.5,17.6,17.7,16.7,16.1,15.6,15.1,14.2,14.2,13.5,13.3,13.1,13.0,12.4,12.8,12.1,12.3,12.3,12.1,11.4
147,Solomon Islands,34.7,34.6,34.8,36.1,33.8,35.0,34.6,38.7,40.6,40.7,40.4,40.6,40.4,40.2,40.3,40.0,39.5,39.3,39.3,39.7,39.2
148,Somalia,33.0,32.6,32.5,32.6,32.7,32.5,32.0,32.0,32.3,32.2,31.7,31.7,31.6,31.4,31.4,31.2,30.9,30.8,30.8,30.7,30.4
149,South Africa,32.6,32.2,32.3,32.5,32.2,32.3,32.4,32.2,32.3,32.0,31.3,30.0,29.1,28.5,28.7,28.8,28.5,27.8,27.8,25.5,24.1
150,South Sudan,19.1,18.3,17.8,17.8,17.7,17.4,17.3,17.2,16.9,16.7,16.6,16.5,16.8,16.2,15.9,16.2,16.5,16.2,16.2,16.8,16.8
151,Spain,13.7,13.3,13.1,13.0,12.5,12.4,12.0,11.8,11.4,11.3,11.0,10.9,10.7,10.4,10.2,10.3,10.2,10.0,10.0,9.8,9.6
152,Sri Lanka,19.2,18.6,17.7,17.8,17.4,18.7,17.3,16.9,16.9,17.2,17.0,15.7,15.2,15.2,14.9,14.6,14.3,13.9,13.9,13.6,13.2
153,St. Lucia,20.3,20.0,19.1,19.0,18.6,18.5,18.4,17.7,17.7,17.2,17.0,16.5,16.8,16.9,17.2,17.3,17.6,17.8,17.8,17.9,17.7
154,St. Vincent and the Grenadines,24.3,23.5,23.9,22.5,22.4,21.0,20.3,18.8,18.5,18.1,19.5,20.5,21.5,22.3,22.6,22.3,21.9,21.7,21.7,20.9,20.7
155,Sudan,26.1,25.9,25.7,25.3,24.8,24.6,24.3,24.1,24.0,24.2,23.6,24.3,23.8,23.8,23.5,23.3,23.2,23.1,23.1,23.0,22.8
156,Suriname,24.0,24.6,24.6,24.1,23.4,22.7,22.0,21.5,21.0,20.9,20.7,20.4,20.3,20.3,20.3,20.6,21.1,21.6,21.6,22.4,22.7
157,Sweden,13.2,12.9,12.7,12.3,12.0,11.8,11.4,11.2,11.1,10.6,10.4,10.1,9.8,9.8,9.1,9.2,9.1,9.0,9.0,8.5,8.4
158,Switzerland,12.5,12.0,11.4,11.5,11.0,10.8,10.4,10.4,10.1,9.8,9.7,9.4,9.4,9.1,8.8,8.8,8.5,8.2,8.2,8.1,7.9
159,Syrian Arab Republic,27.3,25.7,25.3,24.1,23.7,22.8,22.1,21.7,22.1,21.5,21.2,21.0,21.5,21.7,21.8,21.8,21.6,22.1,22.1,22.2,22.1
160,Tajikistan,28.2,28.3,28.5,28.7,28.9,29.8,30.2,30.7,30.6,30.5,30.5,30.5,30.0,29.2,29.3,29.5,29.9,29.7,29.7,28.8,28.3
161,Tanzania,23.1,22.1,21.0,20.5,19.7,19.2,19.3,19.7,20.1,19.8,19.2,18.8,18.0,18.2,17.8,17.7,17.9,17.7,17.7,17.4,17.4
162,Thailand,20.2,18.3,17.9,17.4,17.4,16.8,16.4,15.7,15.3,14.9,14.9,14.6,14.3,13.9,13.9,13.8,14.0,13.8,13.8,13.8,13.7
163,Timor-Leste,19.0,19.2,18.5,19.6,20.2,19.8,18.4,17.3,16.9,20.4,19.9,19.8,18.8,18.8,18.9,18.6,19.0,19.0,19.0,19.4,19.9
164,Togo,26.5,26.8,27.0,27.4,27.4,27.4,27.7,27.7,27.7,27.5,27.2,27.0,26.7,26.4,26.0,25.6,25.0,24.5,24.5,24.1,23.9
165,Tonga,27.6,27.2,27.2,27.5,27.2,26.1,25.9,25.9,25.9,26.1,26.3,26.2,26.1,26.1,26.2,26.1,25.8,25.7,25.7,25.3,24.8
166,Trinidad and Tobago,28.7,27.8,26.5,26.5,26.4,25.2,23.6,23.0,23.6,21.7,21.9,21.2,20.1,20.3,19.8,19.3,18.8,18.2,18.2,17.6,17.1
167,Tunisia,19.1,18.8,18.5,18.1,17.9,17.7,17.5,17.3,17.1,16.9,16.8,16.7,16.5,16.3,16.2,16.0,15.9,15.8,15.8,15.8,15.7
168,Turkiye,21.0,20.4,19.9,19.3,18.7,18.2,17.9,17.5,17.4,18.0,17.9,17.3,16.8,16.6,16.6,16.4,16.1,15.9,15.9,15.8,15.6
169,Turkmenistan,37.3,36.2,39.1,39.2,39.8,40.2,38.5,38.6,37.9,34.5,33.1,31.1,29.9,29.4,29.4,28.5,28.3,27.4,27.4,27.4,27.7
170,Uganda,30.3,29.9,29.3,29.0,28.9,28.9,28.1,26.3,25.1,24.6,24.1,23.9,23.1,22.8,22.3,21.9,22.0,21.3,21.3,21.1,21.2
171,Ukraine,34.7,34.0,34.1,34.1,34.6,35.3,33.8,33.9,33.5,30.8,29.7,28.3,28.2,27.4,27.7,26.2,26.0,25.1,25.1,26.1,25.5
172,United Arab Emirates,24.4,24.2,23.9,23.5,23.2,23.1,22.7,22.5,21.6,21.3,21.1,20.9,20.7,20.5,20.3,19.9,19.6,19.3,19.3,18.8,18.5
173,United Kingdom,16.5,16.0,15.7,15.3,14.6,14.2,13.8,13.6,13.2,12.7,12.4,12.0,11.7,11.6,11.3,11.3,11.3,10.8,10.8,10.5,10.3
174,United States,18.1,17.6,17.3,17.0,16.4,16.1,15.7,15.4,15.2,14.9,14.5,14.3,14.2,14.0,13.9,13.9,14.0,13.8,13.8,13.6,13.6
175,Uruguay,20.5,20.2,20.0,20.3,19.8,19.1,18.9,19.2,18.3,17.8,17.6,17.8,17.4,17.0,17.0,17.1,17.5,16.1,16.1,16.9,16.5
176,Uzbekistan,34.2,33.5,34.5,34.1,33.4,34.9,32.8,31.8,30.8,29.1,28.9,28.6,28.3,27.9,28.6,27.0,26.8,26.4,26.4,25.9,25.3
177,Vanuatu,40.5,40.6,40.3,40.1,40.1,40.1,40.4,40.2,40.1,40.6,40.4,40.3,40.6,40.4,40.2,40.1,39.9,39.8,39.8,39.8,39.7
178,"Venezuela, RB",17.4,17.5,16.9,17.3,16.6,16.5,16.2,16.2,16.3,16.2,16.2,16.6,16.4,16.1,16.5,16.1,16.2,15.9,15.9,15.3,14.8
179,Vietnam,21.6,21.5,21.6,21.6,21.7,21.8,21.9,22.2,22.4,22.4,22.4,22.3,22.3,22.2,22.1,21.9,21.8,21.6,21.6,21.4,21.2
180,"Yemen, Rep.",31.0,30.6,30.1,29.7,29.4,29.1,28.7,28.4,28.3,27.9,27.4,27.2,27.1,26.9,26.7,26.6,26.8,27.1,27.1,27.4,27.6
181,Zambia,33.0,32.1,31.4,30.7,30.9,30.4,30.0,28.7,27.8,27.6,28.1,28.3,27.6,27.2,26.9,26.6,26.4,26.2,26.2,25.6,24.6
182,Zimbabwe,21.4,21.7,22.7,23.1,24.5,25.8,27.0,29.7,32.1,33.5,33.3,32.5,32.0,31.4,31.2,31.1,30.4,29.3,29.3,28.5,28.4
