,country,y_mean,y_median,y_variance
0,Afghanistan,38.30476190476191,37.8,6.988476190476192
1,Albania,16.338095238095235,16.6,12.201476190476187
2,Algeria,15.438095238095238,15.2,1.5824761904761915
3,Angola,24.990476190476198,24.2,5.8599047619047635
4,Antigua and Barbuda,18.12857142857143,17.9,0.6601428571428575
5,Argentina,17.885714285714286,17.8,2.295285714285714
6,Armenia,23.938095238095237,25.0,5.3944761904761895
7,Australia,10.247619047619049,9.9,1.9046190476190479
8,Austria,12.319047619047618,12.2,1.645619047619047
9,Azerbaijan,29.952380952380956,29.8,3.0626190476190502
10,"Bahamas, The",19.88095238095238,19.8,0.38561904761904775
11,Bahrain,20.738095238095244,18.2,27.371476190476187
12,Bangladesh,21.00952380952381,21.5,4.188904761904761
13,Barbados,16.204761904761902,16.2,0.2804761904761904
14,Belarus,29.409523809523805,30.7,17.439904761904767
15,Belgium,12.714285714285714,12.8,2.2332857142857145
16,Belize,17.523809523809522,16.6,3.4089047619047603
17,Benin,24.142857142857142,24.1,0.7115714285714286
18,Bhutan,20.1,19.4,2.2199999999999998
19,Bolivia,18.51904761904762,18.1,0.6756190476190478
20,Bosnia and Herzegovina,20.195238095238093,20.1,1.6754761904761897
21,Botswana,32.60476190476191,31.3,14.273476190476194
22,Brazil,17.933333333333334,17.7,3.5843333333333347
23,Brunei Darussalam,20.36190476190476,19.9,3.5604761904761917
24,Bulgaria,25.85714285714286,25.6,2.572571428571429
25,Burkina Faso,25.014285714285712,25.1,0.22828571428571487
26,Burundi,28.952380952380956,27.9,13.114619047619044
27,Cabo Verde,15.71904761904762,15.2,0.8986190476190472
28,Cambodia,24.114285714285717,23.7,2.169285714285713
29,Cameroon,26.838095238095235,27.4,2.649476190476191
30,Canada,11.580952380952382,11.1,2.2836190476190477
31,Central African Republic,38.900000000000006,39.1,2.2659999999999996
32,Chad,24.185714285714283,24.5,0.4002857142857147
33,Chile,12.600000000000001,12.9,2.089
34,China,19.228571428571428,19.0,6.485142857142856
35,Colombia,11.766666666666666,11.1,3.3073333333333323
36,Comoros,21.96666666666667,21.4,1.7133333333333336
37,"Congo, Dem. Rep.",26.05714285714286,26.7,2.543571428571429
38,"Congo, Rep.",27.74285714285715,27.6,12.59157142857143
39,Costa Rica,10.695238095238093,10.2,1.1244761904761909
40,Cote d'Ivoire,25.180952380952384,25.6,3.973619047619048
41,Croatia,19.009523809523813,18.8,4.658904761904759
42,Cuba,17.076190476190483,17.1,0.41290476190476133
43,Cyprus,10.91904761904762,10.6,3.3906190476190483
44,Czechia,17.857142857142858,17.8,6.576571428571425
45,Denmark,13.847619047619048,13.5,5.417619047619046
46,Djibouti,22.633333333333333,22.5,0.18133333333333365
47,Dominican Republic,17.633333333333333,17.1,7.126333333333333
48,Ecuador,12.833333333333336,12.9,1.2193333333333332
49,"Egypt, Arab Rep.",29.009523809523802,29.2,0.6569047619047612
50,El Salvador,10.599999999999998,10.7,0.04400000000000004
51,Equatorial Guinea,23.44761904761905,23.0,2.7706190476190478
52,Eritrea,29.523809523809526,29.6,3.0669047619047616
53,Estonia,20.84285714285714,19.9,15.051571428571425
54,Eswatini,41.88095238095238,42.7,20.554619047619035
55,Ethiopia,20.552380952380954,19.6,11.097619047619045
56,Fiji,39.66666666666667,39.6,2.054333333333333
57,Finland,11.871428571428572,12.0,2.0761428571428575
58,France,11.957142857142859,11.8,1.2015714285714287
59,Gabon,25.423809523809524,25.8,6.362904761904761
60,"Gambia, The",22.21904761904762,22.4,0.3256190476190476
61,Georgia,27.052380952380954,26.5,4.701619047619047
62,Germany,13.385714285714286,13.0,1.5062857142857147
63,Ghana,24.533333333333335,24.7,0.9763333333333326
64,Greece,13.485714285714288,13.5,0.5042857142857142
65,Grenada,22.842857142857138,23.0,0.8485714285714279
66,Guatemala,16.1,16.2,0.7199999999999996
67,Guinea,24.83809523809524,25.2,1.8444761904761922
68,Guinea-Bissau,28.319047619047616,29.1,3.431619047619047
69,Guyana,32.647619047619045,33.5,4.21361904761905
70,Haiti,33.15238095238095,33.7,0.8976190476190473
71,Honduras,18.361904761904764,17.4,2.45147619047619
72,Hungary,24.885714285714286,24.5,3.899285714285713
73,Iceland,10.223809523809523,9.9,2.056904761904762
74,India,23.114285714285714,22.8,0.9242857142857146
75,Indonesia,25.719047619047615,25.8,0.16661904761904764
76,"Iran, Islamic Rep.",16.719047619047622,15.5,3.759619047619047
77,Iraq,26.1,26.3,3.662
78,Ireland,12.580952380952382,11.9,5.506619047619047
79,Israel,10.785714285714286,10.3,2.806285714285713
80,Italy,10.83809523809524,10.5,1.9954761904761895
81,Jamaica,16.514285714285716,16.6,1.3982857142857132
82,Japan,9.561904761904762,9.5,0.8914761904761906
83,Jordan,18.295238095238098,17.1,11.579476190476187
84,Kazakhstan,31.485714285714288,31.2,40.873285714285714
85,Kenya,21.719047619047622,21.8,0.3876190476190472
86,Kiribati,53.152380952380945,53.0,2.6446190476190496
87,"Korea, Dem. People's Rep.",24.73333333333333,24.9,1.0033333333333343
88,"Korea, Rep.",11.085714285714285,10.6,9.207285714285714
89,Kuwait,13.733333333333334,13.2,4.649333333333333
90,Kyrgyz Republic,28.09999999999999,28.4,19.344
91,Lao PDR,28.676190476190474,28.3,3.436904761904762
92,Latvia,25.519047619047623,26.0,8.055619047619048
93,Lebanon,20.323809523809523,20.3,0.13390476190476214
94,Lesotho,41.27619047619047,42.9,26.761904761904766
95,Liberia,18.97142857142857,19.0,0.8331428571428565
96,Libya,18.43809523809524,18.6,0.40647619047619044
97,Lithuania,23.199999999999996,23.7,5.084
98,Luxembourg,11.804761904761905,11.8,3.9774761904761897
99,Madagascar,27.580952380952382,27.7,1.1116190476190475
100,Malawi,26.44285714285714,27.6,6.816571428571427
101,Malaysia,19.423809523809524,18.9,2.7709047619047626
102,Maldives,17.176190476190477,16.5,22.63390476190476
103,Mali,23.600000000000005,23.7,0.4479999999999997
104,Malta,12.171428571428573,11.8,2.7521428571428572
105,Mauritania,16.752380952380946,16.5,0.7676190476190474
106,Mauritius,25.47619047619048,24.4,5.254904761904761
107,Mexico,16.076190476190476,16.0,0.3079047619047619
108,"Micronesia, Fed. Sts.",44.97142857142857,44.7,0.38814285714285685
109,Moldova,28.357142857142858,29.2,9.621571428571425
110,Mongolia,40.304761904761904,40.9,16.938476190476187
111,Montenegro,23.98571428571429,23.6,1.6902857142857137
112,Morocco,24.685714285714283,24.6,0.22428571428571448
113,Mozambique,30.728571428571428,30.8,2.356142857142856
114,Myanmar,28.66190476190476,28.3,7.479476190476193
115,Namibia,26.390476190476186,25.6,9.08590476190476
116,Nepal,20.06190476190476,20.2,1.8384761904761895
117,Netherlands,12.76190476190476,12.6,3.7724761904761914
118,New Zealand,12.409523809523813,11.9,3.288904761904761
119,Nicaragua,15.676190476190481,15.7,0.17590476190476206
120,Niger,21.495238095238097,21.5,0.0644761904761905
121,Nigeria,19.242857142857147,18.8,2.8995714285714276
122,North Macedonia,26.576190476190483,26.6,6.058904761904762
123,Norway,11.214285714285714,11.3,3.0632857142857146
124,Oman,29.590476190476195,32.7,28.00590476190476
125,Pakistan,31.83809523809524,31.8,2.085476190476191
126,Panama,11.628571428571428,11.5,0.32414285714285723
127,Papua New Guinea,35.1095238095238,35.5,1.9079047619047604
128,Paraguay,16.6,16.5,0.30399999999999994
129,Peru,10.776190476190475,10.8,0.5759047619047617
130,Philippines,24.40476190476191,24.6,0.17947619047619057
131,Poland,20.819047619047616,20.6,5.364619047619048
132,Portugal,12.833333333333334,12.4,2.2943333333333333
133,Qatar,17.88095238095238,17.3,36.680619047619054
134,Romania,23.523809523809526,23.1,4.556904761904763
135,Russian Federation,31.152380952380955,30.9,25.129619047619045
136,Rwanda,24.242857142857144,22.0,24.582571428571434
137,Samoa,32.385714285714286,32.3,0.5892857142857149
138,Sao Tome and Principe,21.442857142857147,21.4,0.5285714285714278
139,Saudi Arabia,24.35238095238095,25.5,3.338619047619048
140,Senegal,20.9,20.6,0.82
141,Serbia,24.714285714285715,24.6,6.688285714285712
142,Seychelles,22.17142857142857,21.3,2.170142857142857
143,Sierra Leone,24.361904761904757,24.3,0.7944761904761907
144,Singapore,11.795238095238096,11.0,5.18847619047619
145,Slovak Republic,20.338095238095235,20.5,10.057476190476189
146,Slovenia,14.404761904761905,13.5,5.278476190476191
147,Solomon Islands,38.214285714285715,39.3,6.522285714285717
148,Somalia,31.761904761904756,31.7,0.5844761904761914
149,South Africa,30.14761904761905,31.3,6.378619047619046
150,South Sudan,16.995238095238093,16.8,0.640476190476191
151,Spain,11.314285714285713,11.0,1.6322857142857141
152,Sri Lanka,16.15238095238095,16.9,3.374619047619047
153,St. Lucia,17.952380952380953,17.7,1.020619047619048
154,St. Vincent and the Grenadines,21.376190476190477,21.7,2.8679047619047617
155,Sudan,24.119047619047624,24.0,0.9606190476190474
156,Suriname,21.942857142857147,21.6,2.171571428571429
157,Sweden,10.552380952380952,10.4,2.317619047619048
158,Switzerland,9.80952380952381,9.7,1.8479047619047613
159,Syrian Arab Republic,22.638095238095243,22.1,2.7354761904761906
160,Tajikistan,29.514285714285712,29.7,0.6952857142857142
161,Tanzania,19.15714285714285,19.2,2.4835714285714308
162,Thailand,15.46666666666667,14.9,3.5303333333333313
163,Timor-Leste,19.06666666666667,19.0,0.7463333333333331
164,Togo,26.380952380952376,26.8,1.6206190476190465
165,Tonga,26.23333333333333,26.1,0.5193333333333335
166,Trinidad and Tobago,22.166666666666668,21.7,12.801333333333329
167,Tunisia,16.97142857142857,16.8,1.1241428571428573
168,Turkiye,17.580952380952382,17.4,2.4486190476190464
169,Turkmenistan,33.37619047619047,33.1,24.55090476190477
170,Uganda,25.019047619047623,24.1,11.093619047619043
171,Ukraine,30.195238095238096,29.7,14.744476190476188
172,United Arab Emirates,21.395238095238096,21.1,3.445476190476188
173,United Kingdom,12.838095238095239,12.4,3.76547619047619
174,United States,15.109523809523813,14.5,2.093904761904762
175,Uruguay,18.147619047619052,17.8,2.0526190476190473
176,Uzbekistan,29.96190476190476,28.9,10.575476190476191
177,Vanuatu,40.19047619047618,40.2,0.0789047619047621
178,"Venezuela, RB",16.338095238095235,16.2,0.3974761904761902
179,Vietnam,21.880952380952383,21.8,0.13461904761904736
180,"Yemen, Rep.",28.14761904761905,27.6,1.8386190476190483
181,Zambia,28.395238095238103,27.8,5.333476190476189
182,Zimbabwe,28.519047619047612,29.3,15.151619047619045
